0.163417198007207 0.11238250334055 0.0100305057896124 0.011361370038129 -0.00614310076728398 0.0142399753701559 -0.0118134946149278 0.00914937980728898 0.014747530471217 -0.0135953068701228 0.0166479085344731 0.00317497166385619 0.0155201311620647 0.0146290600018235 -0.0125759012957936 0.0156780353627518 -0.00310599499822151 -0.00770763831010175 0.00465990314558117 -0.0142230312109868 -0.0156178974390561 0.00941863993035836 -0.00959843004371161 -0.00917722661124915 0.00415936600475903 -0.00621145390255407 -0.0106474279105586 0.0156639682487684 0.00729105222847206 -0.0112855371704919 0.012219687826124 -0.00294180798274473 -0.0140561500238656 0.0159770030107314 0.006220104561333
0.163748364331211 0.111932772798011 0.0248507994020356 0.0149057101091152 -0.00445471726892909 0.00634658102554875 -0.0069565768128303 0.0105197074532067 0.00809848249814408 -0.0150516524429481 0.00269611372065712 0.0153018160195562 0.0126443386024763 0.0153491923137289 -0.0168578146397371 0.0124021425246744 -0.015945430010635 -0.00245347906030958 0.0120641438101768 -0.0112775612863762 -0.0124475244541594 0.0165177413024627 -0.00982891530674655 -0.0111717803527946 0.0154226243754776 -0.0066939453187036 -0.00719359284264898 0.0105762403595966 0.0124783381204206 -0.015023122305455 0.00218899093578536 -0.00970449974540135 -0.0133851654465488 0.00597779082772069 0.011077538731886
0.162723780125386 0.112522521508457 0.0207976191134208 0.0147768687043241 -0.010409803564233 0.0122535830726005 -0.0119263452846862 0.0110991670780723 0.0112334505874948 -0.0164964456434419 0.00752039153750661 0.00437422234420734 0.00954910321426298 0.00968446599550022 -0.0107289598290502 0.0166044333798702 -0.0148706024542102 -0.00669931223751435 0.00191207462346814 -0.00717060626254506 -0.00279692520696021 0.010585423029176 -0.0170408771004874 -0.0130268223521967 0.0145980120062345 -0.0159165123967128 -0.00811475338371042 0.0129413341589543 0.00972650283472937 -0.0128931651590969 0.0164380979345412 -0.00341020798539346 -0.0117285937977671 0.00785446751020682 0.0131922148981419
0.162649051835337 0.112034908628118 0.0199657380314681 0.00908576468115692 -0.0144067442991863 0.0120592321469753 -0.0129411409595226 0.00708335506198259 0.00529132132143849 -0.0146711195691036 0.0147823927223778 0.0139947523316224 0.00923700771957597 0.00998484701155759 -0.00473543872036007 0.011841921487331 -0.0111302851542792 -0.010482127003679 0.0163911024103033 -0.00819686040891758 -0.00877026609510217 0.0158422556248415 -0.0140959228175599 -0.012580108116359 0.0153848936418744 -0.0111948776335859 -0.0137108701865532 0.0137404808916705 0.0142598138094572 -0.00940808624635432 0.009018287890153 -0.00540489155956857 -0.0140344581799376 0.012760736478314 0.0141309302341035
0.162676407109271 0.112934213416078 0.0211884444838569 0.0111908152251739 -0.00668300785614351 0.00847071293597609 -0.00970844895280236 0.0130227796387659 0.0127599451747573 -0.0122298785744665 0.00895651111276949 0.015217859455127 0.0108854531027371 0.0161628812302656 -0.0134796887081703 0.0140925373189253 -0.0150137149518868 -0.00302748443551248 0.0135039054460098 -0.0122335121019259 -0.013462010865386 0.0117993827974726 -0.0151178540301657 -0.00852495799565498 0.0123806229256231 -0.00221814062620741 -0.0154722609505077 0.0164444179903753 0.00236833755984469 -0.00943438652590703 0.0122899213906204 -0.00990281947535045 -0.00758848440720442 0.0109441452838144 0.0132110104469784
0.163591852604293 0.112997833446319 0.0145524819435666 0.0104942787604747 -0.0118670495368255 0.016698074040198 -0.012412957915391 0.0034937047014692 0.0032429346659378 -0.0137144966898442 0.0101294810401843 0.00834925753553219 0.013880685134859 0.00360968359142237 -0.0151580459360911 0.00515842565785184 -0.0117293874829874 -0.0149314408707733 0.0125621514294938 -0.0143692528452166 -0.0170071784954471 0.00725342977082083 -0.0166541882388798 -0.00394839289614995 0.0153467732943412 -0.0121405285075425 -0.00778069495024899 0.00527932098212802 0.0135093777470829 -0.0125420314849037 0.00719846791402417 -0.00875973052882808 -0.0142110397630415 0.00710867492966742 0.00227870416835832
0.162464318222441 0.112072788037208 0.0145275560361498 0.00693913756909324 -0.014154537430987 0.00958627075031686 -0.0112632641497755 0.0164682277789153 0.00460282793839554 -0.00889704483961644 0.0146808300061075 0.0116312116404474 0.0161883795339869 0.00931284263612838 -0.0105159333119673 0.00986158271911828 -0.0142191521465753 -0.00400472912083127 0.00302575645550848 -0.0128447742880504 -0.0157108459607653 0.00893250060020811 -0.00976711017744758 -0.00970556517563439 0.00783965742695798 -0.015277314104672 -0.0137427918880717 0.0108342889679631 0.0155402170268994 -0.0143469646586658 0.0106889280083759 -0.00516486898226329 -0.0157089466393328 0.00579595275358304 0.0113036893633001
0.163131590256282 0.111720499993015 0.0200648850137306 0.0157523305074536 -0.0122552098814026 0.00590059082081989 -0.0062176382300363 0.0147058404603767 0.00644077467710594 -0.0104809628125977 0.0110694579738886 0.0151211110755711 0.00423629009018984 0.0144449655379042 -0.00409696723450161 0.0145174475750761 -0.0119195765462654 -0.0169298972978929 0.00782951008714456 -0.00714171818094188 -0.0108149224822935 0.014377676024949 -0.0139539496376041 -0.0176265975059488 0.0123114258295249 -0.00810426500969008 -0.0127796703704171 0.012227212113215 0.00855606274822413 -0.0134105549346686 0.0162138745098594 -0.0102644046762245 -0.0085363270976631 0.0121542529424954 0.0142872897734654
0.163492573649731 0.11320432010524 0.0153697131626599 0.00503063025117312 -0.0110306664428683 0.0102122605662294 -0.0103644503862296 0.0143131113497048 0.00659842850130099 -0.0152579585639918 0.00926882515440172 0.0109616525507911 0.00602643440191302 0.00601021255245639 -0.00804355070160455 0.0100627295751426 -0.0116579670804027 -0.0193732905854242 0.0145756795450645 -0.0186488097915871 -0.00669461013067141 0.0114676936459261 -0.0174925336300879 -0.0102269149692542 0.00555194997891238 -0.0116786848934986 -0.00259476758022563 0.0121395775488655 0.0031217687455745 -0.0146829885947368 0.0117651243909452 -0.0102117063606931 -0.00857126412234679 0.0113520280547074 0.00930342610497255
0.16371030742196 0.110960601653375 0.0235262967812601 0.0169629270473463 -0.0107572322596635 0.0126285748504653 -0.0143586869699704 0.012112005438824 0.0116527269786971 -0.00486532952852974 0.00816244781378102 0.0119594701421466 0.0145826159167039 0.0174423638385559 -0.00863475592667835 0.0142543884131611 -0.00994409395596983 -0.0130041140271713 0.0128535764456885 -0.0157899607459702 -0.00593805784637566 0.0079259747723236 -0.0136777386743042 -0.0055797693043686 0.00652927705439095 -0.0121959765456639 -0.0021235567354798 0.0123139779948077 0.0105952913178008 -0.0109740563407694 0.00688121604040359 -0.00419249833228113 -0.0141407765708085 0.014487911080506 0.00673764384966338
0.163101587035917 0.112018081494632 0.022647350366148 0.0081107094529331 -0.015677865123989 0.0161636736573955 -0.00463352836416787 0.0154212431438338 0.00797238417391172 -0.00687203437069853 0.0136083145430408 0.0121590163001991 0.00860758003504366 0.00263189079584143 -0.0154203271889788 0.0102486978849577 -0.00930666720327534 -0.00930532659657324 0.0117696988339703 -0.0170617689195382 -0.0110067861195612 0.0140583126576322 -0.00786744577917096 -0.0130711074391854 0.0116590466371827 -0.0109584697135444 -0.0174192313373321 0.00741836143947212 0.0161116354021754 -0.0106633195011524 0.00781592384032665 -0.0109616750861978 -0.0135978735314795 0.00479812552192532 0.0155134170546227
0.162550389913383 0.1112644925734 0.0251794693040301 0.0104121189547639 -0.0126776823018624 0.0105007608446804 -0.0159232471966117 0.00314993457649267 0.0108941843894598 -0.0128332148467305 0.0143512002862413 0.01411870403695 0.0154567612173554 0.0107718365286723 -0.010124880974623 0.00955020260079668 -0.0150643474938233 -0.0069103522434674 0.00333341181819433 -0.00124214810719483 -0.0133193254367292 0.00830470176717245 -0.0114705376220633 -0.00498079896874024 0.01412323892049 -0.0169681341208724 -0.00371193469134577 0.0121899656261267 0.00529763099899053 -0.0089826735454307 0.0131123899914549 -0.00786562469574772 -0.00903975462727501 0.0144129675837687 0.0134054072620784
0.163938327427527 0.110851762746399 0.0239744153907879 0.0137439909495365 -0.0134937402200877 0.0145647190630546 -0.001297290360329 0.0109294426098841 0.0143760008054578 -0.0132926538173861 0.011260356369416 0.00348428600798902 0.0109334453004277 0.0158985554671348 -0.00327247091054145 0.0110743792996601 -0.012295859645169 -0.0128149610551395 0.0125495329513292 -0.00468813812936346 -0.00799719600347283 0.007527369925481 -0.014784964290933 -0.0142144295670251 0.00986938920831947 -0.0125576758502072 -0.00561703824264147 0.0140390575555786 0.0151365086328476 -0.00947054880655544 0.0161708735065485 -0.00721377846862128 -0.0112571777204292 0.0110492349222552 0.00197397996108961
0.1637046023522 0.110784386371932 0.0193651149023749 0.0062070989525483 -0.0122277048474073 0.0147310042803956 -0.0152221507920289 0.0147852413798375 0.0135394849188024 -0.0125557894712584 0.015942180464611 0.0110276802028879 0.010007070369726 0.0169721269070477 -0.01671238384806 0.00646455262967971 -0.00168847845761552 -0.00707422334043035 0.0155470984003153 -0.0101250059989835 -0.01591148143974 0.00716130863536933 -0.0116458483034428 -0.00181951786290899 0.0082901602506885 -0.0129479726089426 -0.00945022314985413 0.00841671947519122 0.0147757791331774 -0.00618328519099756 0.00959776955121893 -0.00895655639857385 -0.0121569265973405 0.00816360789941425 0.00105994364415122
0.163758171674866 0.111207495672888 0.0140865737331295 0.0114764188284215 -0.00693214611784502 0.0115957850386946 -0.014897565809856 0.0139835555539297 0.00983072135182868 -0.0145612058745027 0.0114910965375363 0.0153839828179523 0.014278140688469 0.009551543463957 -0.0131509640679948 0.00491253605206734 -0.00489423280341676 -0.0141731198858198 0.00191855995172171 -0.0171875652248845 -0.0118678138070074 0.00500443829693405 -0.00678863302430578 -0.0124461485653601 0.0122217235332691 -0.00467152270179688 -0.0122734018373497 0.0149968657314247 0.0115100763343783 -0.00783086081929622 0.00827626204287917 -0.0127692954395925 -0.0158819381146707 0.0137447782968745 0.0100663866612261
0.162989636484369 0.11123078241394 0.0157853043207373 0.0141538261296433 -0.0158853653213022 0.0162742549904488 -0.00761325792925245 0.0137801003567881 0.0129126171981812 -0.0102986673707058 0.0134796558400546 0.000698813635457541 0.015858421880954 0.00848307776325872 -0.0062179523982139 0.00706052007298246 -0.010421825582695 -0.00849281979373459 0.0137149114815811 -0.0145538522473687 -0.0101767537021477 0.0127788720037286 -0.0114368618777638 -0.0155677125401541 0.00488257196306604 -0.00602468299627151 -0.00911556396517696 0.0100664193755525 0.00979657804315534 -0.0128443178324047 0.0174764822522844 -0.0143854993008734 -0.0145879497684611 0.00758320182447497 0.00514070364690156
0.162564253720682 0.111489590483498 0.011786064048422 0.012665196984879 -0.0151277756571964 0.00829648852467501 -0.00256913232766558 0.00558703199022601 0.0156267274466962 -0.00436145022843799 0.008176717387619 0.0157304365823538 0.0121715623325841 0.00834377876717365 -0.0149150514836564 0.00760294763476227 -0.011855255597294 -0.00367126941028583 0.0170190996849439 -0.0136052873824335 -0.00870870092673561 0.0111907533790943 -0.0147717640892531 -0.0072001023914185 0.0117505951504002 -0.0151860059755173 -0.0067377709599361 0.0132378617174277 0.0138178388801303 -0.00973437711017496 0.00738493415806625 -0.00246201550759157 -0.0139742053211796 0.0146939513227701 0.00849756223467904
0.162541375598958 0.110980764379561 0.0237658837715987 0.0114962404208098 -0.00652956111988404 0.0144768303675904 -0.00513064480741018 0.00897431666532097 0.0100091172071484 -0.0100946747418208 0.013133686584172 0.0168691352117395 0.00579184944601794 0.00792739975156812 -0.0118836134294786 0.00188587855566381 -0.0123462838418995 -0.0107590122372656 0.00917610590050735 -0.0145416688660005 -0.0134966707146126 0.0135646493400035 -0.00829599382465375 -0.0141652050397372 0.0124923544357338 -0.0154402112860081 -0.00531406373942069 0.0147666160045546 0.012443147862153 -0.00647842701894294 0.00512236305494255 -0.0132991813439249 -0.0155143251763806 0.00771877551721018 0.00874389101024574
0.163057298355189 0.110886911631545 0.0231847707935114 0.0115982906330997 -0.0140285731723931 0.00500979126974832 -0.0137514693467523 0.0125446259450634 0.00474413614904267 -0.0144696550907855 0.0138972032012306 0.00775110976710182 0.0149078848665542 0.0144044675651262 -0.0159665632755585 0.0155211887116208 -0.0161692342982354 -0.00956975691791269 0.00857706498931193 -0.00206997219076656 -0.011331835189296 0.0157218705913373 -0.0107503814966658 -0.00967241960483424 0.00622131136948145 -0.00503426706947248 -0.0100847344230405 0.0132968780233731 0.00648176720258399 -0.0148551214574922 0.0123652368466199 -0.00777169963052923 -0.00770982310438085 0.0115535258972592 0.0118260840581768
0.16269468343987 0.110990174717469 0.0161847450555885 0.00951618054859824 -0.0118307586259739 0.0100971364777306 -0.0145183026837474 0.0151741961416803 0.0168764003417472 -0.00582075461866122 0.0156726603419709 0.0127071092456821 0.0149323037402006 0.0140752227339074 -0.0152965115253495 0.00543410239864391 -0.0103854991076868 -0.00782697812622226 0.0136610222031744 -0.0143157083047997 -0.00992296252821198 0.00798821802763861 -0.00858143897709658 -0.0135749553084084 0.00819403539653384 -0.00975942530482546 -0.00651463560737593 0.0104991292579075 0.00932345952079403 -0.0135246572082532 0.0141604776537974 -0.00074901234979273 -0.00830848485124709 0.0131965265020821 0.0118643798996914
0.162808278202024 0.111424715301871 0.015146815847268 0.0113983562292548 -0.0109231341324781 0.0127353833398756 -0.00863275280529607 0.00313031459664537 0.00792285715946349 -0.0146270085755018 0.00584299934215774 0.00432673154541393 0.0045351254768385 0.0135940209552404 -0.0117916848021006 0.0163634240596634 -0.0158309523854556 -0.0141794973454047 0.0100408084750862 -0.014863563839473 -0.0154922223585287 0.00828527389315408 -0.0154924551939786 -0.0128317063314079 0.0134071186928781 -0.0138340374694705 -0.0070477159816382 0.00730822642776958 0.0162782618488612 -0.00687734095920787 0.00470827403163292 -0.0148458641990226 -0.00293154763260366 0.00673484502803511 0.00901808891607274
0.16304609780648 0.11319444859379 0.0216220044015324 0.00603215680481615 -0.00901795456021708 0.00879729597189312 -0.00780796051817848 0.0136161170105862 0.0161086560508647 -0.00986398478032567 0.010203946398924 0.0104629584921487 0.0119889811182319 0.0138534591773822 -0.000893501130360853 0.0142696714484664 -0.00815415269344378 -0.0134851900471087 0.01377916403154 -0.00955246925199061 -0.0163355309914201 0.0126509454936926 -0.0132263621770089 -0.016248265532387 0.0165234596022101 -0.00733033404034739 -0.00785438709774424 0.0076564000691707 0.0143768791070031 -0.0032507035829455 0.00970638773293686 -0.0164693673996463 -0.0134713728809275 0.00819617349129929 0.00796162519175122
0.163670675477569 0.112852035063905 0.0254059528488631 0.00543323727124254 -0.0117702440432131 0.0141422749278874 -0.0034485809460045 0.0147506855492509 0.0155620454067421 -0.00521576375079186 0.0148815447111122 0.0146832136071915 0.00550170486900225 0.0135004713032024 -0.00831578075991052 0.0054853001406954 -0.0159670358631928 -0.0144197921800084 0.00688487098184194 -0.01543961130567 -0.0093885807224797 0.00878272756302478 -0.0152990609190469 -0.0121716814397574 0.0107762773311234 -0.0106631912089812 -0.0121353097858113 0.012764970228915 0.00656132505973703 -0.0066947621002929 0.00898746984591983 -0.0155435806890022 -0.00386455400306722 0.00436834980170602 0.00890652483984523
0.163205539795791 0.112619579535457 0.00990997474125768 0.0081136962049152 -0.00642780792077606 0.0108844986433688 -0.00927788018377485 0.0148907794028363 0.0173111922258653 -0.0127358621117234 0.0152292530164431 0.00467096110287689 0.00638084441247116 0.00781776201658611 -0.0128752501451161 0.00894659264970884 -0.0088596645696781 -0.0157494715504611 0.00765085840381872 -0.002755502025539 -0.00949402536636272 0.00393729135845639 -0.0100788129930716 -0.013657597499974 0.00882641034228737 -0.0118022241895907 -0.00429112573620721 0.0118918826745064 0.0159668883055479 -0.00655530291749819 0.013909837853495 -0.016256814991987 -0.0129077767149794 0.0184438896034022 0.00211948880503409
0.164052678667363 0.111251687158343 0.0234989665433186 0.0132009463166927 -0.0126770603810645 0.0110914847243782 -0.0119042375295328 0.0094869815738557 0.0130166412358026 -0.00433164672827421 0.015490162015028 0.0152034039790099 0.00400814319961522 0.00764237604363122 -0.00723437364103703 0.013781860222963 -0.0139901537217777 -0.00956826223283139 0.0156880426750991 -0.0167035395186522 -0.0128012779677344 0.0120609484048961 -0.0138430320725706 -0.0080628106768235 0.0127922317103677 -0.00594661332170208 -0.0140869515077518 0.00931645392709792 0.0102605206514373 -0.00800787053296687 0.00975352005667887 -0.0115122537791183 -0.00560061238110985 0.0161131884925062 0.00434235383180089
0.163726708583721 0.111126925253586 0.0239280563178178 0.00797262676792234 -0.00717769044620019 0.00105369945893727 -0.0124545856847506 0.00462444026774696 0.0110354924529912 -0.0104361098030734 0.0125814248938165 0.00929968868342368 0.00845531382843456 0.0110012240507497 -0.0117348159893097 0.0117686775640744 -0.0117887612453783 -0.010301662902574 0.0158244174529662 -0.0140910092508294 -0.0158374728024534 0.0139595453736834 -0.0159934585294715 -0.0084736342227823 0.00626581632706479 -0.0138081218365418 -0.0136916057515828 0.0124025553038401 0.00860426404155719 -0.013611561736171 0.01276139289195 -0.0160130653263618 -0.0135323671011462 0.00926595892169071 0.0147473691724424
0.164009574135926 0.112175934782052 0.0151635333322156 0.0148007032266138 -0.016814881778431 0.00231851479233062 -0.0123336119776408 0.0130805643161201 0.0115405598465668 -0.0120205064595548 0.00850264713605469 0.0155913932847053 0.00634208388931371 0.0144066007147333 -0.011328569275597 0.0130138427861597 -0.0146277499387935 -0.0121494862274749 0.0102669338101275 -0.010159155529995 -0.0123415053047737 0.012180602072498 -0.00867688398043352 -0.00864876105862415 0.00749570026105378 -0.0127257938412868 -0.0150812350972723 0.0131428041343496 0.00583101793808579 -0.0102890320385236 0.010227697941319 -0.0114947867503527 -0.0153812809155007 0.0133009445061029 0.00678490952877161
0.162808205588443 0.112791257269636 0.0155271401490499 0.00796971137341312 -0.0164059598492573 0.0117848744950127 -0.0143209186920621 0.00517602765293422 0.0123772384455294 -0.0148381185267432 0.0108027756150494 0.0140933591768189 0.0118901720131523 0.0128267923935253 -0.013490206175655 0.00358479368470279 -0.0088003006375906 -0.0055803127418973 0.0154044820660498 -0.00462991381431539 -0.0139608210741962 0.00733419141451316 -0.00889178393868267 -0.00981903513692149 0.00844136059419578 -0.00959147124129063 -0.0168615190118959 0.0154333910743899 0.0120798790900583 -0.0074533719518792 0.0160801174559924 -0.00675327235017322 -0.0108546181603397 0.0134457771570039 0.00484461185868698
0.162886102889152 0.11279641307189 0.0146647941848173 0.0133730053586972 -0.0152194632825483 0.00786722400757932 -0.0123915968641967 0.00418627504131172 0.0132900763741639 -0.0140359076237889 0.0143658636601124 0.0146930963690709 0.0078738449805658 0.00812255374682356 -0.0137937128001224 0.0109084396475883 -0.0136333450187018 -0.00374945795923669 0.0111572023228577 -0.015909628207905 -0.00251910750138751 0.0150493750826801 -0.0105879435699932 -0.00655562611386349 0.004814343111685 -0.00966184968460844 -0.0146437337059055 0.0119064896022443 0.0137052672451346 -0.0148875865120287 0.0123616372816371 -0.0101084870407286 -0.0128004982754948 0.0138533657841585 0.00984454510638091
0.162999414153801 0.112870128712258 0.0218348080605713 0.0127897077603141 -0.0133955110204945 0.0137321799629757 -0.00240868827364127 0.0111015423652601 0.0156596887376035 -0.00863469847888873 0.0143374867747917 0.0105297992327284 0.0145630785916133 0.0123454252619601 -0.012155254317721 0.0152725191750973 -0.00955810341414751 -0.00691226688611495 0.00725380244379399 -0.0115565892336424 -0.0130411629586894 0.0130465291638606 -0.00400883339158207 -0.0150243842346711 0.0108793369246189 -0.00669173832455388 -0.0148294992212607 0.0121599454855389 0.0128239463925887 -0.0111457984902021 0.0145300725204288 -0.0069447539618164 -0.0162760079315938 0.0139413707708536 0.0116726341122322
0.163024293991077 0.111787371167251 0.0195785598815689 0.00625704210811143 -0.00698864517518915 0.0161031857314203 -0.011023203203396 0.00692122595611321 0.00951119727197395 -0.016366549702481 0.0169140895903877 0.0161425555318908 0.00965858897880748 0.00730365637361489 -0.00522484485404342 0.00986663462021207 -0.00459106872368338 -0.0098587317758063 0.0162644396625477 -0.0165416140787595 -0.0128814141089144 0.00549888366324745 -0.0147475632059992 -0.0168286324763544 0.0122079240518017 -0.0167235667925391 -0.00362722706581928 0.0129127375657936 0.0115891186500056 -0.0121656769557824 0.00773809490015209 -0.00533795144739324 -0.0137037485805219 0.00486395780838247 0.00590909772771409
0.162668504585513 0.111017850895752 0.0178861650017261 0.0133679467896195 -0.007620968137062 0.0074464301846989 -0.0153383924358825 0.0104038576618761 0.00976016273336762 -0.00318623756189043 0.0123869366089087 0.00938888633084798 0.0148119047598038 0.0121085201358654 -0.0143418530456759 0.0142095265912172 -0.013072055723004 -0.0133738475479695 0.0055778874964516 -0.0128644226535845 -0.00760979798792361 0.0152316521134716 -0.0103912435765167 -0.0155733495176185 0.00866501277614261 -0.0115909944607168 -0.00946928220622 0.0148558046724531 0.00566237472819286 -0.0151150882108849 0.0075360878429004 -0.0116445753005386 -0.00830619683844734 0.00989303907551329 0.0174034178972719
0.162759092723725 0.112392961078713 0.0135972509744819 0.0119658375600328 -0.00771994915092183 0.00875343209559001 -0.00979913796508193 0.0158785625641766 0.00967425308405774 -0.00569772554918478 0.00452899667811821 0.00946364160207339 0.00289371579932099 0.0136079031865464 -0.0156440993546198 0.00422824433983271 -0.00757157697489421 -0.0134554737503716 0.00880592653586726 -0.0158938673589724 -0.00833771879724968 0.0148878453813714 -0.00293197878181827 -0.00511741115141076 0.0137774363643561 -0.0154773051518252 -0.0143127744598673 0.014506454074254 0.00970430943188888 -0.0132360278826588 0.00260973846924033 -0.0163333075009169 -0.0149845849729771 0.00833808755231099 0.0120564613443898
0.162486257381339 0.112988652122882 0.0168156290036453 0.000614229373216451 -0.0153712742920999 0.0156232304279064 -0.00282188109525966 0.0127985612042947 0.015637473542755 -0.0109901068692199 0.0101991908107103 0.0138644539030309 0.0100712775423364 0.00674190067802751 -0.0131090793469515 0.0100353186273901 -0.00752814842755057 -0.00995969212902196 0.00840796430148736 -0.0160689756464707 -0.00397000464052108 0.00471538633232213 -0.00372683478489771 -0.0161176256814722 0.0127796382478128 -0.0146829702779008 -0.0167109269935792 0.00861224460910387 0.0128566825882514 -0.00915186659887828 0.00869138549414918 -0.00502276619009069 -0.015539222033794 0.0113595221633601 0.00983461417789098
0.163054043633774 0.112460731598953 0.0197254634951311 0.0102904086726869 -0.01427483443835 0.0160693083807916 -0.0150682797137516 0.00912515778955532 0.0119707312592683 -0.0161455645473823 0.0148464716405164 0.00901628026738026 0.0095960346834238 0.00868689456036652 -0.0139045485267589 0.0112440461847939 -0.0143612713193966 -0.00985340402688126 0.0127336826981074 -0.0144128425765827 -0.0114952148367979 0.00742382803600418 -0.0166197812760967 -0.0132046567564879 0.00954655997576181 -0.0154527733218932 -0.00869419186017609 0.0087644077483185 0.00908704123717775 -0.00368717694858558 0.0160936927000992 -0.0150344346610254 -0.00583448109061173 0.00481775305353225 0.00515808169877077
