Fourier EnVar toy (Python):
Initial a = [2.  4.  0.3]
Optimization terminated successfully    (Exit mode 0)
            Current function value: 1161.6896765237761
            Iterations: 21
            Function evaluations: 21
            Gradient evaluations: 21
w_opt=[ 3883.16129918 -3739.68973651 39048.20756649]
dJ=[-1.00149120e-07  1.05416853e-07  2.00552486e-08]
H=[[ 0.00000000e+00  0.00000000e+00  0.00000000e+00]
 [-2.25596125e-05 -2.15744640e-05  7.47400693e-07]
 [-4.49046895e-05 -4.29444675e-05  1.49140842e-06]
 [-6.68226551e-05 -6.39074202e-05  2.22867658e-06]
 [-8.81048344e-05 -8.42644556e-05  2.95595085e-06]
 [-1.08548360e-04 -1.03822251e-04  3.67011401e-06]
 [-1.27958027e-04 -1.22394796e-04  4.36822929e-06]
 [-1.46148075e-04 -1.39805098e-04  5.04758177e-06]
 [-1.62943892e-04 -1.55886803e-04  5.70571731e-06]
 [-1.78183609e-04 -1.70485719e-04  6.34047854e-06]
 [-1.91719587e-04 -1.83461238e-04  6.95003769e-06]
 [-2.03419769e-04 -1.94687621e-04  7.53292562e-06]
 [-2.13168895e-04 -2.04055163e-04  8.08805696e-06]
 [-2.20869568e-04 -2.11471204e-04  8.61475088e-06]
 [-2.26443150e-04 -2.16860985e-04  9.11274731e-06]
 [-2.29830496e-04 -2.20168350e-04  9.58221839e-06]
 [-2.30992508e-04 -2.21356271e-04  1.00237750e-05]
 [-2.29910510e-04 -2.20407206e-04  1.04384683e-05]
 [-2.26586436e-04 -2.17323274e-04  1.08277859e-05]
 [-2.21042833e-04 -2.12126259e-04  1.11936431e-05]
 [-2.13322675e-04 -2.04857433e-04  1.15383690e-05]
 [-2.03488997e-04 -1.95577198e-04  1.18646878e-05]
 [-1.91624340e-04 -1.84364560e-04  1.21756946e-05]
 [-1.77830026e-04 -1.71316432e-04  1.24748271e-05]
 [-1.62225260e-04 -1.56546774e-04  1.27658328e-05]
 [-1.44946067e-04 -1.40185580e-04  1.30527314e-05]
 [-1.26144079e-04 -1.22377713e-04  1.33397746e-05]
 [-1.05985181e-04 -1.03281613e-04  1.36314007e-05]
 [-8.46480239e-05 -8.30678749e-05  1.39321878e-05]
 [-6.23224223e-05 -6.19177167e-05  1.42468034e-05]
 [-3.92076519e-05 -4.00213507e-05  1.45799518e-05]
 [-1.55106570e-05 -1.75762722e-05  1.49363204e-05]
 [ 8.55581088e-06  5.21452066e-06  1.53205241e-05]
 [ 3.27751092e-05  2.81443573e-05  1.57370499e-05]
 [ 5.69286572e-05  5.10047607e-05  1.61902005e-05]
 [ 8.07979076e-05  7.35873317e-05  1.66840390e-05]
 [ 1.04166321e-04  9.56856342e-05  1.72223344e-05]
 [ 1.26821323e-04  1.17097065e-04  1.78085087e-05]
 [ 1.48556227e-04  1.37624691e-04  1.84455858e-05]
 [ 1.69172110e-04  1.57079038e-04  1.91361432e-05]
 [ 1.88479611e-04  1.75279811e-04  1.98822674e-05]
 [ 2.06300659e-04  1.92057542e-04  2.06855116e-05]
 [ 2.22470087e-04  2.07255129e-04  2.15468586e-05]
 [ 2.36837140e-04  2.20729280e-04  2.24666876e-05]
 [ 2.49266854e-04  2.32351822e-04  2.34447463e-05]
 [ 2.59641295e-04  2.42010887e-04  2.44801276e-05]
 [ 2.67860639e-04  2.49611940e-04  2.55712520e-05]
 [ 2.73844102e-04  2.55078664e-04  2.67158563e-05]
 [ 2.77530693e-04  2.58353677e-04  2.79109876e-05]
 [ 2.78879788e-04  2.59399079e-04  2.91530034e-05]
 [ 2.77871531e-04  2.58196827e-04  3.04375786e-05]
 [ 2.74507036e-04  2.54748933e-04  3.17597178e-05]
 [ 2.68808419e-04  2.49077479e-04  3.31137747e-05]
 [ 2.60818620e-04  2.41224453e-04  3.44934770e-05]
 [ 2.50601058e-04  2.31251414e-04  3.58919578e-05]
 [ 2.38239093e-04  2.19238965e-04  3.73017928e-05]
 [ 2.23835305e-04  2.05286072e-04  3.87150427e-05]
 [ 2.07510610e-04  1.89509209e-04  4.01233016e-05]
 [ 1.89403206e-04  1.72041345e-04  4.15177499e-05]
 [ 1.69667362e-04  1.53030787e-04  4.28892123e-05]
 [ 1.48472065e-04  1.32639877e-04  4.42282194e-05]
 [ 1.25999532e-04  1.11043574e-04  4.55250735e-05]
 [ 1.02443607e-04  8.84279078e-05  4.67699177e-05]
 [ 7.80080430e-05  6.49883449e-05  4.79528073e-05]
 [ 5.29047075e-05  4.09280583e-05  4.90637834e-05]
 [ 2.73517010e-05  1.64561336e-05  5.00929488e-05]
 [ 1.57142658e-06 -8.21428291e-06  5.10305435e-05]
 [-2.42113836e-05 -3.28678730e-05  5.18670216e-05]
 [-4.97716641e-05 -5.72890569e-05  5.25931276e-05]
 [-7.48860159e-05 -8.12639075e-05  5.31999714e-05]
 [-9.93346932e-05 -1.04582052e-04  5.36791022e-05]
 [-1.22903560e-04 -1.27038544e-04  5.40225800e-05]
 [-1.45385995e-04 -1.48435688e-04  5.42230441e-05]
 [-1.66584736e-04 -1.68584800e-04  5.42737785e-05]
 [-1.86313640e-04 -1.87307895e-04  5.41687736e-05]
 [-2.04399339e-04 -2.04439272e-04  5.39027822e-05]
 [-2.20682798e-04 -2.19826998e-04  5.34713722e-05]
 [-2.35020731e-04 -2.33334267e-04  5.28709725e-05]
 [-2.47286885e-04 -2.44840629e-04  5.20989137e-05]
 [-2.57373175e-04 -2.54243069e-04  5.11534621e-05]
 [-2.65190655e-04 -2.61456940e-04  5.00338477e-05]
 [-2.70670317e-04 -2.66416722e-04  4.87402846e-05]
 [-2.73763720e-04 -2.69076624e-04  4.72739851e-05]
 [-2.74443426e-04 -2.69411004e-04  4.56371658e-05]
 [-2.72703264e-04 -2.67414610e-04  4.38330470e-05]
 [-2.68558389e-04 -2.63102641e-04  4.18658444e-05]
 [-2.62045164e-04 -2.56510634e-04  3.97407531e-05]
 [-2.53220848e-04 -2.47694154e-04  3.74639254e-05]
 [-2.42163096e-04 -2.36728324e-04  3.50424400e-05]
 [-2.28969285e-04 -2.23707170e-04  3.24842655e-05]
 [-2.13755655e-04 -2.08742801e-04  2.97982161e-05]
 [-1.96656292e-04 -1.91964431e-04  2.69939020e-05]
 [-1.77821944e-04 -1.73517244e-04  2.40816730e-05]
 [-1.57418694e-04 -1.53561120e-04  2.10725566e-05]
 [-1.35626491e-04 -1.32269233e-04  1.79781911e-05]
 [-1.12637569e-04 -1.09826525e-04  1.48107539e-05]
 [-8.86547381e-05 -8.64280784e-05  1.15828861e-05]
 [-6.38896017e-05 -6.22773994e-05  8.30761259e-06]
 [-3.85606802e-05 -3.75846245e-05  4.99826026e-06]
 [-1.28914806e-05 -1.25646688e-05  1.66837325e-06]
 [ 1.28914806e-05  1.25646688e-05 -1.66837325e-06]
 [ 3.85606802e-05  3.75846245e-05 -4.99826026e-06]
 [ 6.38896017e-05  6.22773994e-05 -8.30761259e-06]
 [ 8.86547381e-05  8.64280784e-05 -1.15828861e-05]
 [ 1.12637569e-04  1.09826525e-04 -1.48107539e-05]
 [ 1.35626491e-04  1.32269233e-04 -1.79781911e-05]
 [ 1.57418694e-04  1.53561120e-04 -2.10725566e-05]
 [ 1.77821944e-04  1.73517244e-04 -2.40816730e-05]
 [ 1.96656292e-04  1.91964431e-04 -2.69939020e-05]
 [ 2.13755655e-04  2.08742801e-04 -2.97982161e-05]
 [ 2.28969285e-04  2.23707170e-04 -3.24842655e-05]
 [ 2.42163096e-04  2.36728324e-04 -3.50424400e-05]
 [ 2.53220848e-04  2.47694154e-04 -3.74639254e-05]
 [ 2.62045164e-04  2.56510634e-04 -3.97407531e-05]
 [ 2.68558389e-04  2.63102641e-04 -4.18658443e-05]
 [ 2.72703264e-04  2.67414610e-04 -4.38330470e-05]
 [ 2.74443426e-04  2.69411004e-04 -4.56371658e-05]
 [ 2.73763720e-04  2.69076624e-04 -4.72739851e-05]
 [ 2.70670317e-04  2.66416722e-04 -4.87402846e-05]
 [ 2.65190655e-04  2.61456940e-04 -5.00338477e-05]
 [ 2.57373175e-04  2.54243069e-04 -5.11534621e-05]
 [ 2.47286885e-04  2.44840629e-04 -5.20989137e-05]
 [ 2.35020731e-04  2.33334267e-04 -5.28709725e-05]
 [ 2.20682798e-04  2.19826998e-04 -5.34713722e-05]
 [ 2.04399339e-04  2.04439272e-04 -5.39027822e-05]
 [ 1.86313640e-04  1.87307895e-04 -5.41687736e-05]
 [ 1.66584736e-04  1.68584800e-04 -5.42737785e-05]
 [ 1.45385995e-04  1.48435688e-04 -5.42230441e-05]
 [ 1.22903560e-04  1.27038544e-04 -5.40225800e-05]
 [ 9.93346932e-05  1.04582052e-04 -5.36791022e-05]
 [ 7.48860159e-05  8.12639075e-05 -5.31999714e-05]
 [ 4.97716641e-05  5.72890569e-05 -5.25931276e-05]
 [ 2.42113836e-05  3.28678730e-05 -5.18670216e-05]
 [-1.57142658e-06  8.21428291e-06 -5.10305435e-05]
 [-2.73517010e-05 -1.64561336e-05 -5.00929488e-05]
 [-5.29047075e-05 -4.09280583e-05 -4.90637834e-05]
 [-7.80080430e-05 -6.49883449e-05 -4.79528073e-05]
 [-1.02443607e-04 -8.84279078e-05 -4.67699177e-05]
 [-1.25999532e-04 -1.11043574e-04 -4.55250735e-05]
 [-1.48472065e-04 -1.32639877e-04 -4.42282194e-05]
 [-1.69667362e-04 -1.53030787e-04 -4.28892123e-05]
 [-1.89403206e-04 -1.72041345e-04 -4.15177499e-05]
 [-2.07510610e-04 -1.89509209e-04 -4.01233016e-05]
 [-2.23835305e-04 -2.05286072e-04 -3.87150427e-05]
 [-2.38239093e-04 -2.19238965e-04 -3.73017928e-05]
 [-2.50601058e-04 -2.31251414e-04 -3.58919578e-05]
 [-2.60818620e-04 -2.41224453e-04 -3.44934770e-05]
 [-2.68808419e-04 -2.49077479e-04 -3.31137747e-05]
 [-2.74507036e-04 -2.54748933e-04 -3.17597178e-05]
 [-2.77871531e-04 -2.58196827e-04 -3.04375786e-05]
 [-2.78879788e-04 -2.59399079e-04 -2.91530034e-05]
 [-2.77530693e-04 -2.58353677e-04 -2.79109876e-05]
 [-2.73844102e-04 -2.55078664e-04 -2.67158563e-05]
 [-2.67860639e-04 -2.49611940e-04 -2.55712520e-05]
 [-2.59641295e-04 -2.42010887e-04 -2.44801276e-05]
 [-2.49266854e-04 -2.32351822e-04 -2.34447463e-05]
 [-2.36837140e-04 -2.20729280e-04 -2.24666876e-05]
 [-2.22470087e-04 -2.07255129e-04 -2.15468586e-05]
 [-2.06300659e-04 -1.92057542e-04 -2.06855116e-05]
 [-1.88479611e-04 -1.75279811e-04 -1.98822674e-05]
 [-1.69172110e-04 -1.57079038e-04 -1.91361432e-05]
 [-1.48556227e-04 -1.37624691e-04 -1.84455858e-05]
 [-1.26821323e-04 -1.17097065e-04 -1.78085087e-05]
 [-1.04166321e-04 -9.56856342e-05 -1.72223344e-05]
 [-8.07979076e-05 -7.35873317e-05 -1.66840390e-05]
 [-5.69286572e-05 -5.10047607e-05 -1.61902005e-05]
 [-3.27751092e-05 -2.81443573e-05 -1.57370499e-05]
 [-8.55581088e-06 -5.21452066e-06 -1.53205241e-05]
 [ 1.55106570e-05  1.75762722e-05 -1.49363204e-05]
 [ 3.92076519e-05  4.00213507e-05 -1.45799518e-05]
 [ 6.23224223e-05  6.19177167e-05 -1.42468034e-05]
 [ 8.46480239e-05  8.30678749e-05 -1.39321878e-05]
 [ 1.05985181e-04  1.03281613e-04 -1.36314007e-05]
 [ 1.26144079e-04  1.22377713e-04 -1.33397746e-05]
 [ 1.44946067e-04  1.40185580e-04 -1.30527314e-05]
 [ 1.62225260e-04  1.56546774e-04 -1.27658328e-05]
 [ 1.77830026e-04  1.71316432e-04 -1.24748271e-05]
 [ 1.91624340e-04  1.84364560e-04 -1.21756946e-05]
 [ 2.03488997e-04  1.95577198e-04 -1.18646878e-05]
 [ 2.13322675e-04  2.04857433e-04 -1.15383690e-05]
 [ 2.21042833e-04  2.12126259e-04 -1.11936431e-05]
 [ 2.26586436e-04  2.17323274e-04 -1.08277859e-05]
 [ 2.29910510e-04  2.20407206e-04 -1.04384683e-05]
 [ 2.30992508e-04  2.21356271e-04 -1.00237750e-05]
 [ 2.29830496e-04  2.20168350e-04 -9.58221839e-06]
 [ 2.26443150e-04  2.16860985e-04 -9.11274731e-06]
 [ 2.20869568e-04  2.11471204e-04 -8.61475088e-06]
 [ 2.13168895e-04  2.04055163e-04 -8.08805696e-06]
 [ 2.03419769e-04  1.94687621e-04 -7.53292562e-06]
 [ 1.91719587e-04  1.83461238e-04 -6.95003769e-06]
 [ 1.78183609e-04  1.70485719e-04 -6.34047854e-06]
 [ 1.62943892e-04  1.55886803e-04 -5.70571731e-06]
 [ 1.46148075e-04  1.39805098e-04 -5.04758177e-06]
 [ 1.27958027e-04  1.22394796e-04 -4.36822929e-06]
 [ 1.08548360e-04  1.03822251e-04 -3.67011401e-06]
 [ 8.81048344e-05  8.42644556e-05 -2.95595085e-06]
 [ 6.68226551e-05  6.39074202e-05 -2.22867658e-06]
 [ 4.49046895e-05  4.29444675e-05 -1.49140842e-06]
 [ 2.25596125e-05  2.15744640e-05 -7.47400693e-07]
 [ 1.75280959e-19  1.67625756e-19 -5.80225646e-21]]
||w_slsqp - w_ls|| = 15817020496.103765
||w_ls|| = 15817020496.917988
Iter 1 | J_loc=1.1617e+03 | J_true=1.1632e+03 | err=4.8234e+01
Optimization terminated successfully    (Exit mode 0)
            Current function value: 1002.885194138679
            Iterations: 22
            Function evaluations: 22
            Gradient evaluations: 22
w_opt=[ 19142.02355099 -16317.76157862  32243.04140404]
dJ=[ 1.32960439e-07 -1.18772928e-07 -1.39045201e-07]
H=[[ 0.00000000e+00  0.00000000e+00  0.00000000e+00]
 [-9.42169646e-06 -1.04027861e-05 -1.23259906e-07]
 [-1.87509659e-05 -2.07005889e-05 -2.47815248e-07]
 [-2.78962226e-05 -3.07894112e-05 -3.74923348e-07]
 [-3.67675554e-05 -4.05672196e-05 -5.05765753e-07]
 [-4.52775466e-05 -4.99349034e-05 -6.41411511e-07]
 [-5.33420680e-05 -5.87972072e-05 -7.82781813e-07]
 [-6.08810471e-05 -6.70636284e-05 -9.30616450e-07]
 [-6.78191971e-05 -7.46492709e-05 -1.08544249e-06]
 [-7.40867043e-05 -8.14756474e-05 -1.24754561e-06]
 [-7.96198648e-05 -8.74714236e-05 -1.41694436e-06]
 [-8.43616680e-05 -9.25730964e-05 -1.59336784e-06]
 [-8.82623181e-05 -9.67256002e-05 -1.77623693e-06]
 [-9.12796919e-05 -9.98828368e-05 -1.96464953e-06]
 [-9.33797271e-05 -1.02008122e-04 -2.15736982e-06]
 [-9.45367374e-05 -1.03074546e-04 -2.35282193e-06]
 [-9.47336533e-05 -1.03065246e-04 -2.54908801e-06]
 [-9.39621839e-05 -1.01973584e-04 -2.74391095e-06]
 [-9.22229009e-05 -9.98032299e-05 -2.93470158e-06]
 [-8.95252420e-05 -9.65681552e-05 -3.11855060e-06]
 [-8.58874343e-05 -9.22925256e-05 -3.29224503e-06]
 [-8.13363386e-05 -8.70105027e-05 -3.45228906e-06]
 [-7.59072161e-05 -8.07659536e-05 -3.59492939e-06]
 [-6.96434190e-05 -7.36120696e-05 -3.71618451e-06]
 [-6.25960078e-05 -6.56108995e-05 -3.81187808e-06]
 [-5.48232997e-05 -5.68328002e-05 -3.87767579e-06]
 [-4.63903507e-05 -4.73558102e-05 -3.90912559e-06]
 [-3.73683773e-05 -3.72649517e-05 -3.90170092e-06]
 [-2.78341221e-05 -2.66514664e-05 -3.85084646e-06]
 [-1.78691692e-05 -1.56119940e-05 -3.75202603e-06]
 [-7.55921642e-06 -4.24769804e-06 -3.60077224e-06]
 [ 3.00669092e-06  7.33665031e-06 -3.39273734e-06]
 [ 1.37369560e-05  1.90336242e-05 -3.12374483e-06]
 [ 2.45382505e-05  3.07341195e-05 -2.78984133e-06]
 [ 3.53163497e-05  4.23283506e-05 -2.38734813e-06]
 [ 4.59769776e-05  5.37068551e-05 -1.91291207e-06]
 [ 5.64266516e-05  6.47614980e-05 -1.36355494e-06]
 [ 6.65735212e-05  7.53864664e-05 -7.36721253e-07]
 [ 7.63281929e-05  8.54792453e-05 -3.03235614e-08]
 [ 8.56045326e-05  9.49415667e-05  7.57214972e-07]
 [ 9.43204403e-05  1.03680322e-04  1.62692129e-06]
 [ 1.02398588e-04  1.11608431e-04  2.57923688e-06]
 [ 1.09767117e-04  1.18645656e-04  3.61398639e-06]
 [ 1.16360284e-04  1.24719360e-04  4.73035071e-06]
 [ 1.22119055e-04  1.29765197e-04  5.92684496e-06]
 [ 1.26991638e-04  1.33727727e-04  7.20130169e-06]
 [ 1.30933954e-04  1.36560954e-04  8.55085949e-06]
 [ 1.33910031e-04  1.38228781e-04  9.97195733e-06]
 [ 1.35892341e-04  1.38705378e-04  1.14603347e-05]
 [ 1.36862043e-04  1.37975454e-04  1.30110376e-05]
 [ 1.36809163e-04  1.36034441e-04  1.46184311e-05]
 [ 1.35732687e-04  1.32888576e-04  1.62762171e-05]
 [ 1.33640578e-04  1.28554895e-04  1.79774589e-05]
 [ 1.30549707e-04  1.23061118e-04  1.97146111e-05]
 [ 1.26485713e-04  1.16445449e-04  2.14795562e-05]
 [ 1.21482779e-04  1.08756280e-04  2.32636454e-05]
 [ 1.15583327e-04  1.00051791e-04  2.50577460e-05]
 [ 1.08837653e-04  9.03994832e-05  2.68522933e-05]
 [ 1.01303473e-04  7.98756048e-05  2.86373474e-05]
 [ 9.30454230e-05  6.85645150e-05  3.04026540e-05]
 [ 8.41344780e-05  5.65579640e-05  3.21377096e-05]
 [ 7.46473271e-05  4.39543096e-05  3.38318294e-05]
 [ 6.46656917e-05  3.08576713e-05  3.54742190e-05]
 [ 5.42755996e-05  1.73770321e-05  3.70540478e-05]
 [ 4.35666209e-05  3.62529408e-06  3.85605246e-05]
 [ 3.26310713e-05 -1.02817025e-05  3.99829738e-05]
 [ 2.15631917e-05 -2.42261889e-05  4.13109134e-05]
 [ 1.04583092e-05 -3.80894967e-05  4.25341317e-05]
 [-5.88010586e-07 -5.17530976e-05  4.36427644e-05]
 [-1.14808146e-05 -6.50996434e-05  4.46273700e-05]
 [-2.21266071e-05 -7.80139991e-05  4.54790034e-05]
 [-3.24341824e-05 -9.03842572e-05  4.61892871e-05]
 [-4.23154366e-05 -1.02102727e-04  4.67504795e-05]
 [-5.16861522e-05 -1.13066890e-04  4.71555394e-05]
 [-6.04667477e-05 -1.23180304e-04  4.73981863e-05]
 [-6.85829862e-05 -1.32353471e-04  4.74729563e-05]
 [-7.59666360e-05 -1.40504626e-04  4.73752527e-05]
 [-8.25560780e-05 -1.47560477e-04  4.71013904e-05]
 [-8.82968536e-05 -1.53456860e-04  4.66486356e-05]
 [-9.31421491e-05 -1.58139320e-04  4.60152379e-05]
 [-9.70532114e-05 -1.61563608e-04  4.52004559e-05]
 [-9.99996921e-05 -1.63696086e-04  4.42045767e-05]
 [-1.01959916e-04 -1.64514045e-04  4.30289272e-05]
 [-1.02921073e-04 -1.64005918e-04  4.16758786e-05]
 [-1.02879328e-04 -1.62171411e-04  4.01488436e-05]
 [-1.01839857e-04 -1.59021517e-04  3.84522656e-05]
 [-9.98167937e-05 -1.54578448e-04  3.65916015e-05]
 [-9.68331033e-05 -1.48875456e-04  3.45732960e-05]
 [-9.29203742e-05 -1.41956568e-04  3.24047498e-05]
 [-8.81185329e-05 -1.33876216e-04  3.00942800e-05]
 [-8.24754846e-05 -1.24698784e-04  2.76510742e-05]
 [-7.60466827e-05 -1.14498062e-04  2.50851383e-05]
 [-6.88946300e-05 -1.03356622e-04  2.24072382e-05]
 [-6.10883178e-05 -9.13651155e-05  1.96288354e-05]
 [-5.27026062e-05 -7.86214954e-05  1.67620184e-05]
 [-4.38175527e-05 -6.52301810e-05  1.38194283e-05]
 [-3.45176932e-05 -5.13011612e-05  1.08141815e-05]
 [-2.48912843e-05 -3.69490506e-05  7.75978785e-06]
 [-1.50295111e-05 -2.22921039e-05  4.67006645e-06]
 [-5.02566973e-06 -7.45119985e-06  1.55905892e-06]
 [ 5.02566973e-06  7.45119985e-06 -1.55905892e-06]
 [ 1.50295111e-05  2.22921039e-05 -4.67006645e-06]
 [ 2.48912843e-05  3.69490506e-05 -7.75978785e-06]
 [ 3.45176932e-05  5.13011612e-05 -1.08141815e-05]
 [ 4.38175527e-05  6.52301810e-05 -1.38194283e-05]
 [ 5.27026062e-05  7.86214954e-05 -1.67620184e-05]
 [ 6.10883178e-05  9.13651155e-05 -1.96288354e-05]
 [ 6.88946300e-05  1.03356622e-04 -2.24072382e-05]
 [ 7.60466827e-05  1.14498062e-04 -2.50851383e-05]
 [ 8.24754846e-05  1.24698784e-04 -2.76510742e-05]
 [ 8.81185329e-05  1.33876216e-04 -3.00942800e-05]
 [ 9.29203742e-05  1.41956568e-04 -3.24047498e-05]
 [ 9.68331033e-05  1.48875456e-04 -3.45732960e-05]
 [ 9.98167937e-05  1.54578448e-04 -3.65916015e-05]
 [ 1.01839857e-04  1.59021517e-04 -3.84522656e-05]
 [ 1.02879328e-04  1.62171411e-04 -4.01488436e-05]
 [ 1.02921073e-04  1.64005918e-04 -4.16758786e-05]
 [ 1.01959916e-04  1.64514045e-04 -4.30289272e-05]
 [ 9.99996921e-05  1.63696086e-04 -4.42045767e-05]
 [ 9.70532114e-05  1.61563608e-04 -4.52004559e-05]
 [ 9.31421491e-05  1.58139320e-04 -4.60152379e-05]
 [ 8.82968536e-05  1.53456860e-04 -4.66486356e-05]
 [ 8.25560780e-05  1.47560477e-04 -4.71013904e-05]
 [ 7.59666360e-05  1.40504626e-04 -4.73752527e-05]
 [ 6.85829862e-05  1.32353471e-04 -4.74729563e-05]
 [ 6.04667477e-05  1.23180304e-04 -4.73981863e-05]
 [ 5.16861522e-05  1.13066890e-04 -4.71555394e-05]
 [ 4.23154366e-05  1.02102727e-04 -4.67504795e-05]
 [ 3.24341824e-05  9.03842572e-05 -4.61892871e-05]
 [ 2.21266071e-05  7.80139991e-05 -4.54790034e-05]
 [ 1.14808146e-05  6.50996434e-05 -4.46273700e-05]
 [ 5.88010586e-07  5.17530976e-05 -4.36427644e-05]
 [-1.04583092e-05  3.80894967e-05 -4.25341317e-05]
 [-2.15631917e-05  2.42261889e-05 -4.13109134e-05]
 [-3.26310713e-05  1.02817025e-05 -3.99829738e-05]
 [-4.35666209e-05 -3.62529408e-06 -3.85605246e-05]
 [-5.42755996e-05 -1.73770321e-05 -3.70540478e-05]
 [-6.46656917e-05 -3.08576713e-05 -3.54742190e-05]
 [-7.46473271e-05 -4.39543096e-05 -3.38318294e-05]
 [-8.41344780e-05 -5.65579640e-05 -3.21377096e-05]
 [-9.30454230e-05 -6.85645150e-05 -3.04026540e-05]
 [-1.01303473e-04 -7.98756048e-05 -2.86373474e-05]
 [-1.08837653e-04 -9.03994832e-05 -2.68522933e-05]
 [-1.15583327e-04 -1.00051791e-04 -2.50577460e-05]
 [-1.21482779e-04 -1.08756280e-04 -2.32636454e-05]
 [-1.26485713e-04 -1.16445449e-04 -2.14795562e-05]
 [-1.30549707e-04 -1.23061118e-04 -1.97146111e-05]
 [-1.33640578e-04 -1.28554895e-04 -1.79774589e-05]
 [-1.35732687e-04 -1.32888576e-04 -1.62762171e-05]
 [-1.36809163e-04 -1.36034441e-04 -1.46184311e-05]
 [-1.36862043e-04 -1.37975454e-04 -1.30110376e-05]
 [-1.35892341e-04 -1.38705378e-04 -1.14603347e-05]
 [-1.33910031e-04 -1.38228781e-04 -9.97195733e-06]
 [-1.30933954e-04 -1.36560954e-04 -8.55085949e-06]
 [-1.26991638e-04 -1.33727727e-04 -7.20130169e-06]
 [-1.22119055e-04 -1.29765197e-04 -5.92684496e-06]
 [-1.16360284e-04 -1.24719360e-04 -4.73035071e-06]
 [-1.09767117e-04 -1.18645656e-04 -3.61398640e-06]
 [-1.02398588e-04 -1.11608431e-04 -2.57923688e-06]
 [-9.43204403e-05 -1.03680322e-04 -1.62692129e-06]
 [-8.56045326e-05 -9.49415667e-05 -7.57214971e-07]
 [-7.63281929e-05 -8.54792453e-05  3.03235606e-08]
 [-6.65735212e-05 -7.53864664e-05  7.36721254e-07]
 [-5.64266516e-05 -6.47614980e-05  1.36355494e-06]
 [-4.59769776e-05 -5.37068551e-05  1.91291207e-06]
 [-3.53163497e-05 -4.23283506e-05  2.38734813e-06]
 [-2.45382505e-05 -3.07341195e-05  2.78984133e-06]
 [-1.37369560e-05 -1.90336242e-05  3.12374483e-06]
 [-3.00669092e-06 -7.33665031e-06  3.39273734e-06]
 [ 7.55921642e-06  4.24769804e-06  3.60077225e-06]
 [ 1.78691692e-05  1.56119940e-05  3.75202603e-06]
 [ 2.78341221e-05  2.66514664e-05  3.85084646e-06]
 [ 3.73683773e-05  3.72649517e-05  3.90170092e-06]
 [ 4.63903507e-05  4.73558102e-05  3.90912559e-06]
 [ 5.48232997e-05  5.68328002e-05  3.87767579e-06]
 [ 6.25960078e-05  6.56108995e-05  3.81187808e-06]
 [ 6.96434190e-05  7.36120696e-05  3.71618451e-06]
 [ 7.59072161e-05  8.07659536e-05  3.59492938e-06]
 [ 8.13363386e-05  8.70105027e-05  3.45228906e-06]
 [ 8.58874343e-05  9.22925256e-05  3.29224503e-06]
 [ 8.95252420e-05  9.65681552e-05  3.11855060e-06]
 [ 9.22229009e-05  9.98032299e-05  2.93470158e-06]
 [ 9.39621839e-05  1.01973584e-04  2.74391095e-06]
 [ 9.47336533e-05  1.03065246e-04  2.54908801e-06]
 [ 9.45367374e-05  1.03074546e-04  2.35282193e-06]
 [ 9.33797271e-05  1.02008122e-04  2.15736982e-06]
 [ 9.12796919e-05  9.98828368e-05  1.96464953e-06]
 [ 8.82623181e-05  9.67256002e-05  1.77623693e-06]
 [ 8.43616680e-05  9.25730964e-05  1.59336783e-06]
 [ 7.96198648e-05  8.74714236e-05  1.41694436e-06]
 [ 7.40867043e-05  8.14756474e-05  1.24754561e-06]
 [ 6.78191971e-05  7.46492709e-05  1.08544249e-06]
 [ 6.08810471e-05  6.70636284e-05  9.30616450e-07]
 [ 5.33420680e-05  5.87972072e-05  7.82781813e-07]
 [ 4.52775466e-05  4.99349034e-05  6.41411511e-07]
 [ 3.67675554e-05  4.05672196e-05  5.05765753e-07]
 [ 2.78962226e-05  3.07894112e-05  3.74923348e-07]
 [ 1.87509659e-05  2.07005889e-05  2.47815248e-07]
 [ 9.42169646e-06  1.04027861e-05  1.23259905e-07]
 [ 7.32072258e-20  8.08341649e-20  9.54486955e-22]]
||w_slsqp - w_ls|| = 8871505299.852062
||w_ls|| = 8871505301.271038
Iter 2 | J_loc=1.0029e+03 | J_true=1.0045e+03 | err=4.4822e+01
Optimization terminated successfully    (Exit mode 0)
            Current function value: 979.6338112581539
            Iterations: 10
            Function evaluations: 10
            Gradient evaluations: 10
w_opt=[ 2187.43176276 -2530.73829238 -2501.9155041 ]
dJ=[0.00044737 0.0002236  0.00016497]
H=[[ 0.00000000e+00  0.00000000e+00  0.00000000e+00]
 [ 6.21633214e-06 -6.22032891e-06 -6.22298401e-06]
 [ 1.23642457e-05 -1.23709098e-05 -1.23763026e-05]
 [ 1.83759742e-05 -1.83826649e-05 -1.83909594e-05]
 [ 2.41850495e-05 -2.41878510e-05 -2.41992900e-05]
 [ 2.97269355e-05 -2.97207110e-05 -2.97356124e-05]
 [ 3.49396452e-05 -3.49181077e-05 -3.49368594e-05]
 [ 3.97643334e-05 -3.97201330e-05 -3.97431871e-05]
 [ 4.41458608e-05 -4.40706873e-05 -4.40985528e-05]
 [ 4.80333241e-05 -4.79180245e-05 -4.79512591e-05]
 [ 5.13805475e-05 -5.12152558e-05 -5.12544570e-05]
 [ 5.41465297e-05 -5.39208091e-05 -5.39666042e-05]
 [ 5.62958446e-05 -5.59988397e-05 -5.60518754e-05]
 [ 5.77989897e-05 -5.74195874e-05 -5.74805186e-05]
 [ 5.86326804e-05 -5.81596778e-05 -5.82291558e-05]
 [ 5.87800866e-05 -5.82023640e-05 -5.82810249e-05]
 [ 5.82310108e-05 -5.75377077e-05 -5.76261603e-05]
 [ 5.69820034e-05 -5.61626967e-05 -5.62615098e-05]
 [ 5.50364169e-05 -5.40812979e-05 -5.41909887e-05]
 [ 5.24043970e-05 -5.13044458e-05 -5.14254677e-05]
 [ 4.91028102e-05 -4.78499665e-05 -4.79826976e-05]
 [ 4.51551098e-05 -4.37424365e-05 -4.38871687e-05]
 [ 4.05911404e-05 -3.90129797e-05 -3.91699078e-05]
 [ 3.54468827e-05 -3.36990019e-05 -3.38682144e-05]
 [ 2.97641419e-05 -2.78438677e-05 -2.80253373e-05]
 [ 2.35901804e-05 -2.14965197e-05 -2.16900962e-05]
 [ 1.69773006e-05 -1.47110470e-05 -1.49164498e-05]
 [ 9.98237940e-06 -7.54620294e-06 -7.76301569e-06]
 [ 2.66635953e-06 -6.48796323e-08 -2.92545941e-07]
 [-4.90629752e-06  7.66645783e-06  7.42863752e-06]
 [-1.26681927e-05  1.55783718e-05  1.53312418e-05]
 [-2.05495991e-05  2.35990816e-05  2.33436313e-05]
 [-2.84790947e-05  3.16551174e-05  3.13924797e-05]
 [-3.63842124e-05  3.96719905e-05  3.94034392e-05]
 [-4.41921020e-05  4.75748766e-05  4.73018220e-05]
 [-5.18301969e-05  5.52893037e-05  5.50132870e-05]
 [-5.92268812e-05  6.27418397e-05  6.24645253e-05]
 [-6.63121495e-05  6.98607725e-05  6.95839394e-05]
 [-7.30182547e-05  7.65767771e-05  7.63023090e-05]
 [-7.92803366e-05  8.28235637e-05  8.25534374e-05]
 [-8.50370270e-05  8.85385001e-05  8.82747727e-05]
 [-9.02310251e-05  9.36632034e-05  9.34079984e-05]
 [-9.48096373e-05  9.81440953e-05  9.78995879e-05]
 [-9.87252776e-05  1.01932916e-04  1.01701317e-04]
 [-1.01935923e-04  1.04987193e-04  1.04770731e-04]
 [-1.04405523e-04  1.07270654e-04  1.07071562e-04]
 [-1.06104348e-04  1.08753597e-04  1.08574089e-04]
 [-1.07009296e-04  1.09413188e-04  1.09255445e-04]
 [-1.07104126e-04  1.09233709e-04  1.09099857e-04]
 [-1.06379642e-04  1.08206737e-04  1.08098833e-04]
 [-1.04833805e-04  1.06331264e-04  1.06251272e-04]
 [-1.02471792e-04  1.03613743e-04  1.03563519e-04]
 [-9.93059775e-05  1.00068073e-04  1.00049347e-04]
 [-9.53558609e-05  9.57155164e-05  9.57298750e-05]
 [-9.06479267e-05  9.05845498e-05  9.06334182e-05]
 [-8.52154407e-05  8.47106488e-05  8.47952765e-05]
 [-7.90981861e-05  7.81360114e-05  7.82574571e-05]
 [-7.23421407e-05  7.09092197e-05  7.10683379e-05]
 [-6.49990979e-05  6.30848435e-05  6.32822721e-05]
 [-5.71262349e-05  5.47229897e-05  5.49591396e-05]
 [-4.87856315e-05  4.58888007e-05  4.61638463e-05]
 [-4.00437445e-05  3.66519067e-05  3.69657788e-05]
 [-3.09708411e-05  2.70858365e-05  2.74382159e-05]
 [-2.16403977e-05  1.72673913e-05  1.76577052e-05]
 [-1.21284675e-05  7.27598825e-06  7.70340812e-06]
 [-2.51302534e-06 -2.80702136e-06 -2.34358008e-06]
 [ 7.12670834e-06 -1.28990534e-05 -1.24009296e-05]
 [ 1.67109545e-05 -2.29170049e-05 -2.23857878e-05]
 [ 2.61600703e-05 -3.27779747e-05 -3.22154988e-05]
 [ 3.53952438e-05 -4.23999849e-05 -4.18083216e-05]
 [ 4.43391837e-05 -5.17026954e-05 -5.10841442e-05]
 [ 5.29167965e-05 -6.06081070e-05 -5.99651838e-05]
 [ 6.10558470e-05 -6.90412452e-05 -6.83766692e-05]
 [ 6.86875938e-05 -7.69308197e-05 -7.62474986e-05]
 [ 7.57473968e-05 -8.42098529e-05 -8.35108665e-05]
 [ 8.21752896e-05 -9.08162727e-05 -9.01048550e-05]
 [ 8.79165113e-05 -9.66934637e-05 -9.59729834e-05]
 [ 9.29219951e-05 -1.01790771e-04 -1.01064712e-04]
 [ 9.71488066e-05 -1.06063957e-04 -1.05335894e-04]
 [ 1.00560531e-04 -1.09475595e-04 -1.08749175e-04]
 [ 1.03127600e-04 -1.11995414e-04 -1.11274331e-04]
 [ 1.04827567e-04 -1.13600577e-04 -1.12888546e-04]
 [ 1.05645311e-04 -1.14275893e-04 -1.13576630e-04]
 [ 1.05573184e-04 -1.14013965e-04 -1.13331159e-04]
 [ 1.04611089e-04 -1.12815274e-04 -1.12152566e-04]
 [ 1.02766498e-04 -1.10688191e-04 -1.10049144e-04]
 [ 1.00054394e-04 -1.07648916e-04 -1.07036997e-04]
 [ 9.64971597e-05 -1.03721359e-04 -1.03139912e-04]
 [ 9.21243895e-05 -9.89369475e-05 -9.83891714e-05]
 [ 8.69726487e-05 -9.33343670e-05 -9.28232946e-05]
 [ 8.10851653e-05 -8.69592444e-05 -8.64877206e-05]
 [ 7.45114654e-05 -7.98637656e-05 -7.94344276e-05]
 [ 6.73069538e-05 -7.21062377e-05 -7.17214973e-05]
 [ 5.95324425e-05 -6.37505982e-05 -6.34126247e-05]
 [ 5.12536325e-05 -5.48658743e-05 -5.45765795e-05]
 [ 4.25405519e-05 -4.55255979e-05 -4.52866229e-05]
 [ 3.34669564e-05 -3.58071817e-05 -3.56198849e-05]
 [ 2.41096976e-05 -2.57912603e-05 -2.56567085e-05]
 [ 1.45480634e-05 -1.55610048e-05 -1.54799653e-05]
 [ 4.86309738e-06 -5.20141323e-06 -5.17434854e-06]
 [-4.86309738e-06  5.20141323e-06  5.17434854e-06]
 [-1.45480634e-05  1.55610048e-05  1.54799653e-05]
 [-2.41096976e-05  2.57912603e-05  2.56567085e-05]
 [-3.34669564e-05  3.58071817e-05  3.56198849e-05]
 [-4.25405519e-05  4.55255979e-05  4.52866229e-05]
 [-5.12536325e-05  5.48658743e-05  5.45765795e-05]
 [-5.95324425e-05  6.37505982e-05  6.34126247e-05]
 [-6.73069538e-05  7.21062377e-05  7.17214973e-05]
 [-7.45114654e-05  7.98637656e-05  7.94344276e-05]
 [-8.10851653e-05  8.69592444e-05  8.64877206e-05]
 [-8.69726487e-05  9.33343670e-05  9.28232946e-05]
 [-9.21243895e-05  9.89369475e-05  9.83891714e-05]
 [-9.64971597e-05  1.03721359e-04  1.03139912e-04]
 [-1.00054394e-04  1.07648916e-04  1.07036997e-04]
 [-1.02766498e-04  1.10688191e-04  1.10049144e-04]
 [-1.04611089e-04  1.12815274e-04  1.12152566e-04]
 [-1.05573184e-04  1.14013965e-04  1.13331159e-04]
 [-1.05645311e-04  1.14275893e-04  1.13576630e-04]
 [-1.04827567e-04  1.13600577e-04  1.12888546e-04]
 [-1.03127600e-04  1.11995414e-04  1.11274331e-04]
 [-1.00560531e-04  1.09475595e-04  1.08749175e-04]
 [-9.71488066e-05  1.06063957e-04  1.05335894e-04]
 [-9.29219951e-05  1.01790771e-04  1.01064712e-04]
 [-8.79165113e-05  9.66934637e-05  9.59729834e-05]
 [-8.21752896e-05  9.08162727e-05  9.01048550e-05]
 [-7.57473968e-05  8.42098529e-05  8.35108665e-05]
 [-6.86875938e-05  7.69308197e-05  7.62474986e-05]
 [-6.10558470e-05  6.90412452e-05  6.83766692e-05]
 [-5.29167965e-05  6.06081070e-05  5.99651838e-05]
 [-4.43391837e-05  5.17026954e-05  5.10841442e-05]
 [-3.53952438e-05  4.23999849e-05  4.18083216e-05]
 [-2.61600703e-05  3.27779747e-05  3.22154988e-05]
 [-1.67109545e-05  2.29170049e-05  2.23857878e-05]
 [-7.12670834e-06  1.28990534e-05  1.24009296e-05]
 [ 2.51302534e-06  2.80702136e-06  2.34358008e-06]
 [ 1.21284675e-05 -7.27598825e-06 -7.70340812e-06]
 [ 2.16403977e-05 -1.72673913e-05 -1.76577052e-05]
 [ 3.09708411e-05 -2.70858365e-05 -2.74382159e-05]
 [ 4.00437445e-05 -3.66519067e-05 -3.69657788e-05]
 [ 4.87856315e-05 -4.58888007e-05 -4.61638463e-05]
 [ 5.71262348e-05 -5.47229897e-05 -5.49591396e-05]
 [ 6.49990979e-05 -6.30848435e-05 -6.32822721e-05]
 [ 7.23421407e-05 -7.09092197e-05 -7.10683379e-05]
 [ 7.90981861e-05 -7.81360114e-05 -7.82574571e-05]
 [ 8.52154407e-05 -8.47106488e-05 -8.47952765e-05]
 [ 9.06479267e-05 -9.05845498e-05 -9.06334182e-05]
 [ 9.53558609e-05 -9.57155164e-05 -9.57298750e-05]
 [ 9.93059775e-05 -1.00068073e-04 -1.00049347e-04]
 [ 1.02471792e-04 -1.03613743e-04 -1.03563519e-04]
 [ 1.04833805e-04 -1.06331264e-04 -1.06251272e-04]
 [ 1.06379642e-04 -1.08206737e-04 -1.08098833e-04]
 [ 1.07104126e-04 -1.09233709e-04 -1.09099857e-04]
 [ 1.07009296e-04 -1.09413188e-04 -1.09255445e-04]
 [ 1.06104348e-04 -1.08753597e-04 -1.08574089e-04]
 [ 1.04405523e-04 -1.07270654e-04 -1.07071562e-04]
 [ 1.01935923e-04 -1.04987193e-04 -1.04770731e-04]
 [ 9.87252776e-05 -1.01932916e-04 -1.01701317e-04]
 [ 9.48096373e-05 -9.81440953e-05 -9.78995879e-05]
 [ 9.02310251e-05 -9.36632034e-05 -9.34079984e-05]
 [ 8.50370270e-05 -8.85385001e-05 -8.82747727e-05]
 [ 7.92803366e-05 -8.28235637e-05 -8.25534374e-05]
 [ 7.30182547e-05 -7.65767771e-05 -7.63023090e-05]
 [ 6.63121495e-05 -6.98607725e-05 -6.95839394e-05]
 [ 5.92268812e-05 -6.27418397e-05 -6.24645253e-05]
 [ 5.18301969e-05 -5.52893037e-05 -5.50132870e-05]
 [ 4.41921020e-05 -4.75748766e-05 -4.73018220e-05]
 [ 3.63842124e-05 -3.96719905e-05 -3.94034392e-05]
 [ 2.84790947e-05 -3.16551174e-05 -3.13924797e-05]
 [ 2.05495991e-05 -2.35990816e-05 -2.33436313e-05]
 [ 1.26681927e-05 -1.55783718e-05 -1.53312418e-05]
 [ 4.90629752e-06 -7.66645783e-06 -7.42863752e-06]
 [-2.66635953e-06  6.48796332e-08  2.92545942e-07]
 [-9.98237940e-06  7.54620294e-06  7.76301569e-06]
 [-1.69773006e-05  1.47110470e-05  1.49164498e-05]
 [-2.35901804e-05  2.14965197e-05  2.16900962e-05]
 [-2.97641419e-05  2.78438677e-05  2.80253373e-05]
 [-3.54468827e-05  3.36990019e-05  3.38682144e-05]
 [-4.05911404e-05  3.90129797e-05  3.91699078e-05]
 [-4.51551098e-05  4.37424365e-05  4.38871687e-05]
 [-4.91028102e-05  4.78499665e-05  4.79826976e-05]
 [-5.24043970e-05  5.13044458e-05  5.14254677e-05]
 [-5.50364169e-05  5.40812979e-05  5.41909887e-05]
 [-5.69820034e-05  5.61626967e-05  5.62615098e-05]
 [-5.82310108e-05  5.75377077e-05  5.76261603e-05]
 [-5.87800866e-05  5.82023640e-05  5.82810249e-05]
 [-5.86326804e-05  5.81596778e-05  5.82291558e-05]
 [-5.77989897e-05  5.74195874e-05  5.74805186e-05]
 [-5.62958446e-05  5.59988397e-05  5.60518754e-05]
 [-5.41465297e-05  5.39208091e-05  5.39666042e-05]
 [-5.13805475e-05  5.12152558e-05  5.12544570e-05]
 [-4.80333241e-05  4.79180245e-05  4.79512591e-05]
 [-4.41458608e-05  4.40706873e-05  4.40985528e-05]
 [-3.97643334e-05  3.97201330e-05  3.97431871e-05]
 [-3.49396452e-05  3.49181077e-05  3.49368594e-05]
 [-2.97269355e-05  2.97207110e-05  2.97356124e-05]
 [-2.41850495e-05  2.41878510e-05  2.41992900e-05]
 [-1.83759742e-05  1.83826649e-05  1.83909594e-05]
 [-1.23642457e-05  1.23709098e-05  1.23763026e-05]
 [-6.21633214e-06  6.22032891e-06  6.22298401e-06]
 [-4.83109653e-20  4.83436933e-20  4.83641826e-20]]
||w_slsqp - w_ls|| = 22345330554.91713
||w_ls|| = 22345330554.9483
Iter 3 | J_loc=9.7963e+02 | J_true=9.7988e+02 | err=4.4269e+01
Optimization terminated successfully    (Exit mode 0)
            Current function value: 843.6763218020424
            Iterations: 22
            Function evaluations: 22
            Gradient evaluations: 22
w_opt=[  1013.80994886 -14734.94922857 -15117.86852209]
dJ=[ 1.47157450e-09 -2.14224650e-09  2.18667002e-09]
H=[[ 0.00000000e+00  0.00000000e+00  0.00000000e+00]
 [-2.50402403e-06  3.87731785e-07  2.06499356e-06]
 [-4.97219193e-06  7.90005616e-07  4.12010352e-06]
 [-7.36901012e-06  1.22115591e-06  6.15548686e-06]
 [-9.65970672e-06  1.69510400e-06  8.16138156e-06]
 [-1.18105839e-05  2.22515703e-06  1.01281467e-05]
 [-1.37893604e-05  2.82381323e-06  1.20463021e-05]
 [-1.55655001e-05  3.50257578e-06  1.39065674e-05]
 [-1.71105250e-05  4.27177703e-06  1.56999000e-05]
 [-1.83983085e-05  5.14041515e-06  1.74175327e-05]
 [-1.94053460e-05  6.11600481e-06  1.90510097e-05]
 [-2.01110023e-05  7.20444355e-06  2.05922218e-05]
 [-2.04977303e-05  8.40989539e-06  2.20334396e-05]
 [-2.05512617e-05  9.73469283e-06  2.33673461e-05]
 [-2.02607664e-05  1.11792585e-05  2.45870669e-05]
 [-1.96189793e-05  1.27420473e-05  2.56861993e-05]
 [-1.86222939e-05  1.44195100e-05  2.66588388e-05]
 [-1.72708204e-05  1.62060782e-05  2.74996045e-05]
 [-1.55684093e-05  1.80941720e-05  2.82036617e-05]
 [-1.35226389e-05  2.00742293e-05  2.87667427e-05]
 [-1.11447678e-05  2.21347580e-05  2.91851654e-05]
 [-8.44965161e-06  2.42624090e-05  2.94558495e-05]
 [-5.45562538e-06  2.64420716e-05  2.95763302e-05]
 [-2.18435287e-06  2.86569884e-05  2.95447698e-05]
 [ 1.33935682e-06  3.08888902e-05  2.93599660e-05]
 [ 5.08776299e-06  3.31181499e-05  2.90213592e-05]
 [ 9.03043581e-06  3.53239522e-05  2.85290356e-05]
 [ 1.31345253e-05  3.74844801e-05  2.78837284e-05]
 [ 1.73650545e-05  3.95771148e-05  2.70868171e-05]
 [ 2.16852339e-05  4.15786478e-05  2.61403228e-05]
 [ 2.60567951e-05  4.34655031e-05  2.50469023e-05]
 [ 3.04403392e-05  4.52139676e-05  2.38098386e-05]
 [ 3.47956987e-05  4.68004279e-05  2.24330295e-05]
 [ 3.90823080e-05  4.82016100e-05  2.09209738e-05]
 [ 4.32595795e-05  4.93948217e-05  1.92787542e-05]
 [ 4.72872832e-05  5.03581931e-05  1.75120192e-05]
 [ 5.11259238e-05  5.10709148e-05  1.56269613e-05]
 [ 5.47371145e-05  5.15134704e-05  1.36302939e-05]
 [ 5.80839421e-05  5.16678615e-05  1.15292258e-05]
 [ 6.11313212e-05  5.15178228e-05  9.33143379e-06]
 [ 6.38463334e-05  5.10490251e-05  7.04503273e-06]
 [ 6.61985495e-05  5.02492642e-05  4.67854471e-06]
 [ 6.81603301e-05  4.91086346e-05  2.24086582e-06]
 [ 6.97071032e-05  4.76196842e-05 -2.58768360e-07]
 [ 7.08176156e-05  4.57775503e-05 -2.81081875e-06]
 [ 7.14741556e-05  4.35800749e-05 -5.40548013e-06]
 [ 7.16627451e-05  4.10278971e-05 -8.03271954e-06]
 [ 7.13732993e-05  3.81245225e-05 -1.06823158e-05]
 [ 7.05997521e-05  3.48763683e-05 -1.33438997e-05]
 [ 6.93401467e-05  3.12927835e-05 -1.60069953e-05]
 [ 6.75966887e-05  2.73860436e-05 -1.86610610e-05]
 [ 6.53757637e-05  2.31713189e-05 -2.12955319e-05]
 [ 6.26879168e-05  1.86666184e-05 -2.38998615e-05]
 [ 5.95477951e-05  1.38927067e-05 -2.64635640e-05]
 [ 5.59740531e-05  8.87299668e-06 -2.89762565e-05]
 [ 5.19892228e-05  3.63341719e-06 -3.14277002e-05]
 [ 4.76195477e-05 -1.79774267e-06 -3.38078420e-05]
 [ 4.28947836e-05 -7.39001190e-06 -3.61068546e-05]
 [ 3.78479672e-05 -1.31109371e-05 -3.83151771e-05]
 [ 3.25151544e-05 -1.89263020e-05 -4.04235527e-05]
 [ 2.69351306e-05 -2.48003644e-05 -4.24230671e-05]
 [ 2.11490958e-05 -3.06961104e-05 -4.43051849e-05]
 [ 1.52003265e-05 -3.65755217e-05 -4.60617840e-05]
 [ 9.13381787e-06 -4.23998557e-05 -4.76851895e-05]
 [ 2.99590928e-06 -4.81299352e-05 -4.91682054e-05]
 [-3.16610413e-06 -5.37264454e-05 -5.05041439e-05]
 [-9.30436972e-06 -5.91502363e-05 -5.16868540e-05]
 [-1.53708824e-05 -6.43626270e-05 -5.27107467e-05]
 [-2.13178932e-05 -6.93257104e-05 -5.35708189e-05]
 [-2.70983165e-05 -7.40026552e-05 -5.42626749e-05]
 [-3.26661347e-05 -7.83580025e-05 -5.47825450e-05]
 [-3.79767937e-05 -8.23579551e-05 -5.51273020e-05]
 [-4.29875891e-05 -8.59706563e-05 -5.52944755e-05]
 [-4.76580360e-05 -8.91664559e-05 -5.52822630e-05]
 [-5.19502231e-05 -9.19181624e-05 -5.50895388e-05]
 [-5.58291441e-05 -9.42012769e-05 -5.47158597e-05]
 [-5.92630067e-05 -9.59942081e-05 -5.41614687e-05]
 [-6.22235142e-05 -9.72784674e-05 -5.34272956e-05]
 [-6.46861181e-05 -9.80388393e-05 -5.25149547e-05]
 [-6.66302397e-05 -9.82635295e-05 -5.14267399e-05]
 [-6.80394582e-05 -9.79442853e-05 -5.01656173e-05]
 [-6.89016633e-05 -9.70764913e-05 -4.87352149e-05]
 [-6.92091719e-05 -9.56592352e-05 -4.71398095e-05]
 [-6.89588069e-05 -9.36953466e-05 -4.53843114e-05]
 [-6.81519379e-05 -9.11914066e-05 -4.34742462e-05]
 [-6.67944827e-05 -8.81577278e-05 -4.14157345e-05]
 [-6.48968708e-05 -8.46083055e-05 -3.92154684e-05]
 [-6.24739673e-05 -8.05607402e-05 -3.68806870e-05]
 [-5.95449599e-05 -7.60361312e-05 -3.44191483e-05]
 [-5.61332077e-05 -7.10589437e-05 -3.18391003e-05]
 [-5.22660554e-05 -6.56568479e-05 -2.91492487e-05]
 [-4.79746123e-05 -5.98605336e-05 -2.63587242e-05]
 [-4.32934993e-05 -5.37035011e-05 -2.34770473e-05]
 [-3.82605663e-05 -4.72218284e-05 -2.05140914e-05]
 [-3.29165804e-05 -4.04539194e-05 -1.74800448e-05]
 [-2.73048904e-05 -3.34402327e-05 -1.43853715e-05]
 [-2.14710684e-05 -2.62229938e-05 -1.12407705e-05]
 [-1.54625322e-05 -1.88458941e-05 -8.05713440e-06]
 [-9.32815179e-06 -1.13537771e-05 -4.84550748e-06]
 [-3.11784379e-06 -3.79231585e-06 -1.61704248e-06]
 [ 3.11784379e-06  3.79231585e-06  1.61704248e-06]
 [ 9.32815179e-06  1.13537771e-05  4.84550748e-06]
 [ 1.54625322e-05  1.88458941e-05  8.05713440e-06]
 [ 2.14710684e-05  2.62229938e-05  1.12407705e-05]
 [ 2.73048904e-05  3.34402327e-05  1.43853715e-05]
 [ 3.29165804e-05  4.04539194e-05  1.74800448e-05]
 [ 3.82605663e-05  4.72218284e-05  2.05140914e-05]
 [ 4.32934993e-05  5.37035011e-05  2.34770473e-05]
 [ 4.79746123e-05  5.98605336e-05  2.63587242e-05]
 [ 5.22660554e-05  6.56568479e-05  2.91492487e-05]
 [ 5.61332077e-05  7.10589437e-05  3.18391003e-05]
 [ 5.95449599e-05  7.60361312e-05  3.44191483e-05]
 [ 6.24739673e-05  8.05607402e-05  3.68806870e-05]
 [ 6.48968708e-05  8.46083055e-05  3.92154684e-05]
 [ 6.67944827e-05  8.81577278e-05  4.14157345e-05]
 [ 6.81519379e-05  9.11914066e-05  4.34742462e-05]
 [ 6.89588069e-05  9.36953466e-05  4.53843114e-05]
 [ 6.92091719e-05  9.56592352e-05  4.71398095e-05]
 [ 6.89016633e-05  9.70764913e-05  4.87352149e-05]
 [ 6.80394582e-05  9.79442853e-05  5.01656173e-05]
 [ 6.66302397e-05  9.82635295e-05  5.14267399e-05]
 [ 6.46861181e-05  9.80388393e-05  5.25149547e-05]
 [ 6.22235142e-05  9.72784674e-05  5.34272956e-05]
 [ 5.92630067e-05  9.59942081e-05  5.41614687e-05]
 [ 5.58291441e-05  9.42012769e-05  5.47158597e-05]
 [ 5.19502231e-05  9.19181624e-05  5.50895388e-05]
 [ 4.76580360e-05  8.91664559e-05  5.52822630e-05]
 [ 4.29875891e-05  8.59706563e-05  5.52944755e-05]
 [ 3.79767937e-05  8.23579551e-05  5.51273020e-05]
 [ 3.26661347e-05  7.83580025e-05  5.47825450e-05]
 [ 2.70983165e-05  7.40026552e-05  5.42626749e-05]
 [ 2.13178932e-05  6.93257104e-05  5.35708189e-05]
 [ 1.53708824e-05  6.43626270e-05  5.27107467e-05]
 [ 9.30436972e-06  5.91502363e-05  5.16868540e-05]
 [ 3.16610413e-06  5.37264454e-05  5.05041439e-05]
 [-2.99590928e-06  4.81299352e-05  4.91682054e-05]
 [-9.13381787e-06  4.23998557e-05  4.76851895e-05]
 [-1.52003265e-05  3.65755217e-05  4.60617840e-05]
 [-2.11490958e-05  3.06961104e-05  4.43051849e-05]
 [-2.69351306e-05  2.48003644e-05  4.24230671e-05]
 [-3.25151544e-05  1.89263020e-05  4.04235527e-05]
 [-3.78479672e-05  1.31109371e-05  3.83151771e-05]
 [-4.28947836e-05  7.39001190e-06  3.61068546e-05]
 [-4.76195477e-05  1.79774267e-06  3.38078420e-05]
 [-5.19892228e-05 -3.63341719e-06  3.14277002e-05]
 [-5.59740531e-05 -8.87299668e-06  2.89762565e-05]
 [-5.95477951e-05 -1.38927067e-05  2.64635640e-05]
 [-6.26879168e-05 -1.86666184e-05  2.38998615e-05]
 [-6.53757637e-05 -2.31713189e-05  2.12955319e-05]
 [-6.75966887e-05 -2.73860436e-05  1.86610610e-05]
 [-6.93401467e-05 -3.12927835e-05  1.60069953e-05]
 [-7.05997521e-05 -3.48763683e-05  1.33438997e-05]
 [-7.13732993e-05 -3.81245225e-05  1.06823158e-05]
 [-7.16627451e-05 -4.10278971e-05  8.03271954e-06]
 [-7.14741556e-05 -4.35800749e-05  5.40548013e-06]
 [-7.08176156e-05 -4.57775503e-05  2.81081875e-06]
 [-6.97071032e-05 -4.76196842e-05  2.58768359e-07]
 [-6.81603301e-05 -4.91086346e-05 -2.24086582e-06]
 [-6.61985495e-05 -5.02492642e-05 -4.67854471e-06]
 [-6.38463334e-05 -5.10490251e-05 -7.04503273e-06]
 [-6.11313212e-05 -5.15178228e-05 -9.33143379e-06]
 [-5.80839421e-05 -5.16678616e-05 -1.15292258e-05]
 [-5.47371145e-05 -5.15134704e-05 -1.36302939e-05]
 [-5.11259238e-05 -5.10709148e-05 -1.56269613e-05]
 [-4.72872832e-05 -5.03581931e-05 -1.75120192e-05]
 [-4.32595795e-05 -4.93948217e-05 -1.92787542e-05]
 [-3.90823080e-05 -4.82016100e-05 -2.09209738e-05]
 [-3.47956987e-05 -4.68004279e-05 -2.24330295e-05]
 [-3.04403392e-05 -4.52139676e-05 -2.38098386e-05]
 [-2.60567951e-05 -4.34655031e-05 -2.50469023e-05]
 [-2.16852339e-05 -4.15786478e-05 -2.61403228e-05]
 [-1.73650545e-05 -3.95771148e-05 -2.70868171e-05]
 [-1.31345253e-05 -3.74844801e-05 -2.78837284e-05]
 [-9.03043581e-06 -3.53239522e-05 -2.85290356e-05]
 [-5.08776299e-06 -3.31181499e-05 -2.90213592e-05]
 [-1.33935682e-06 -3.08888902e-05 -2.93599660e-05]
 [ 2.18435287e-06 -2.86569884e-05 -2.95447698e-05]
 [ 5.45562538e-06 -2.64420716e-05 -2.95763302e-05]
 [ 8.44965161e-06 -2.42624090e-05 -2.94558495e-05]
 [ 1.11447678e-05 -2.21347580e-05 -2.91851654e-05]
 [ 1.35226389e-05 -2.00742293e-05 -2.87667427e-05]
 [ 1.55684093e-05 -1.80941720e-05 -2.82036617e-05]
 [ 1.72708204e-05 -1.62060782e-05 -2.74996045e-05]
 [ 1.86222939e-05 -1.44195100e-05 -2.66588388e-05]
 [ 1.96189793e-05 -1.27420473e-05 -2.56861993e-05]
 [ 2.02607664e-05 -1.11792585e-05 -2.45870669e-05]
 [ 2.05512617e-05 -9.73469283e-06 -2.33673461e-05]
 [ 2.04977303e-05 -8.40989539e-06 -2.20334396e-05]
 [ 2.01110023e-05 -7.20444355e-06 -2.05922218e-05]
 [ 1.94053460e-05 -6.11600481e-06 -1.90510097e-05]
 [ 1.83983085e-05 -5.14041515e-06 -1.74175327e-05]
 [ 1.71105250e-05 -4.27177703e-06 -1.56999000e-05]
 [ 1.55655001e-05 -3.50257578e-06 -1.39065674e-05]
 [ 1.37893604e-05 -2.82381323e-06 -1.20463021e-05]
 [ 1.18105839e-05 -2.22515703e-06 -1.01281467e-05]
 [ 9.65970672e-06 -1.69510400e-06 -8.16138156e-06]
 [ 7.36901012e-06 -1.22115591e-06 -6.15548686e-06]
 [ 4.97219193e-06 -7.90005616e-07 -4.12010352e-06]
 [ 2.50402403e-06 -3.87731785e-07 -2.06499356e-06]
 [ 1.94710729e-20 -2.98892067e-21 -1.60316914e-20]]
||w_slsqp - w_ls|| = 507027051801.7113
||w_ls|| = 507027051801.73334
Iter 4 | J_loc=8.4368e+02 | J_true=8.4504e+02 | err=4.1111e+01
Optimization terminated successfully    (Exit mode 0)
            Current function value: 760.7981204068066
            Iterations: 10
            Function evaluations: 10
            Gradient evaluations: 10
w_opt=[-4094.7916795  -3021.12252735 -1635.71990719]
dJ=[ 0.0001829  -0.00046572  0.0004023 ]
H=[[ 0.00000000e+00  0.00000000e+00  0.00000000e+00]
 [ 7.64084362e-06  8.80195615e-06  1.31942166e-06]
 [ 1.52722673e-05  1.75658991e-05  2.65208896e-06]
 [ 2.28847074e-05  2.62539803e-05  4.01104180e-06]
 [ 3.04683146e-05  3.48286800e-05  5.40891081e-06]
 [ 3.80128171e-05  4.32529693e-05  6.85771812e-06]
 [ 4.55073896e-05  5.14904709e-05  8.36868459e-06]
 [ 5.29405310e-05  5.95056157e-05  9.95204556e-06]
 [ 6.02999529e-05  6.72637963e-05  1.16168771e-05]
 [ 6.75724798e-05  7.47315164e-05  1.33709345e-05]
 [ 7.47439644e-05  8.18765343e-05  1.52205049e-05]
 [ 8.17992172e-05  8.86680011e-05  1.71702761e-05]
 [ 8.87219546e-05  9.50765924e-05  1.92232215e-05]
 [ 9.54947637e-05  1.01074633e-04  2.13805047e-05]
 [ 1.02099088e-04  1.06636215e-04  2.36414027e-05]
 [ 1.08515232e-04  1.11737304e-04  2.60032510e-05]
 [ 1.14722387e-04  1.16355845e-04  2.84614079e-05]
 [ 1.20698677e-04  1.20471848e-04  3.10092431e-05]
 [ 1.26421229e-04  1.24067474e-04  3.36381462e-05]
 [ 1.31866257e-04  1.27127109e-04  3.63375591e-05]
 [ 1.37009179e-04  1.29637421e-04  3.90950294e-05]
 [ 1.41824741e-04  1.31587418e-04  4.18962863e-05]
 [ 1.46287167e-04  1.32968487e-04  4.47253372e-05]
 [ 1.50370329e-04  1.33774428e-04  4.75645855e-05]
 [ 1.54047931e-04  1.34001471e-04  5.03949671e-05]
 [ 1.57293705e-04  1.33648288e-04  5.31961058e-05]
 [ 1.60081631e-04  1.32715996e-04  5.59464857e-05]
 [ 1.62386161e-04  1.31208138e-04  5.86236391e-05]
 [ 1.64182453e-04  1.29130670e-04  6.12043480e-05]
 [ 1.65446620e-04  1.26491922e-04  6.36648578e-05]
 [ 1.66155973e-04  1.23302560e-04  6.59811016e-05]
 [ 1.66289282e-04  1.19575533e-04  6.81289313e-05]
 [ 1.65827024e-04  1.15326011e-04  7.00843559e-05]
 [ 1.64751638e-04  1.10571315e-04  7.18237827e-05]
 [ 1.63047772e-04  1.05330837e-04  7.33242600e-05]
 [ 1.60702526e-04  9.96259504e-05  7.45637189e-05]
 [ 1.57705680e-04  9.34799185e-05  7.55212121e-05]
 [ 1.54049916e-04  8.69177865e-05  7.61771466e-05]
 [ 1.49731023e-04  7.99662732e-05  7.65135092e-05]
 [ 1.44748083e-04  7.26536538e-05  7.65140813e-05]
 [ 1.39103644e-04  6.50096373e-05  7.61646422e-05]
 [ 1.32803863e-04  5.70652383e-05  7.54531575e-05]
 [ 1.25858634e-04  4.88526446e-05  7.43699517e-05]
 [ 1.18281686e-04  4.04050804e-05  7.29078625e-05]
 [ 1.10090652e-04  3.17566658e-05  7.10623761e-05]
 [ 1.01307120e-04  2.29422745e-05  6.88317403e-05]
 [ 9.19566394e-05  1.39973880e-05  6.62170559e-05]
 [ 8.20687126e-05  4.95794928e-06  6.32223444e-05]
 [ 7.16767428e-05 -4.13978487e-06  5.98545911e-05]
 [ 6.08179581e-05 -1.32593917e-05  5.61237629e-05]
 [ 4.95333005e-05 -2.23644302e-05  5.20428004e-05]
 [ 3.78672840e-05 -3.14185874e-05  4.76275843e-05]
 [ 2.58678215e-05 -4.03858234e-05  4.28968757e-05]
 [ 1.35860209e-05 -4.92305146e-05  3.78722304e-05]
 [ 1.07595193e-06 -5.79175934e-05  3.25778883e-05]
 [-1.16056163e-05 -6.64126856e-05  2.70406377e-05]
 [-2.43995038e-05 -7.46822433e-05  2.12896562e-05]
 [-3.72444348e-05 -8.26936739e-05  1.53563286e-05]
 [-5.00773744e-05 -9.04154644e-05  9.27404371e-06]
 [-6.28338886e-05 -9.78173006e-05  3.07797113e-06]
 [-7.54485208e-05 -1.04870180e-04 -3.19517992e-06]
 [-8.78551868e-05 -1.11546521e-04 -9.50741824e-06]
 [-9.99875812e-05 -1.17820260e-04 -1.58197424e-05]
 [-1.11779595e-04 -1.23666953e-04 -2.20924247e-05]
 [-1.23165743e-04 -1.29063856e-04 -2.82853045e-05]
 [-1.34081590e-04 -1.33990009e-04 -3.43580898e-05]
 [-1.44464184e-04 -1.38426311e-04 -4.02706629e-05]
 [-1.54252484e-04 -1.42355580e-04 -4.59833885e-05]
 [-1.63387781e-04 -1.45762616e-04 -5.14574227e-05]
 [-1.71814117e-04 -1.48634249e-04 -5.66550177e-05]
 [-1.79478683e-04 -1.50959380e-04 -6.15398226e-05]
 [-1.86332206e-04 -1.52729015e-04 -6.60771751e-05]
 [-1.92329320e-04 -1.53936293e-04 -7.02343838e-05]
 [-1.97428911e-04 -1.54576500e-04 -7.39809976e-05]
 [-2.01594440e-04 -1.54647082e-04 -7.72890589e-05]
 [-2.04794239e-04 -1.54147644e-04 -8.01333413e-05]
 [-2.07001780e-04 -1.53079947e-04 -8.24915664e-05]
 [-2.08195903e-04 -1.51447890e-04 -8.43446000e-05]
 [-2.08361022e-04 -1.49257489e-04 -8.56766250e-05]
 [-2.07487288e-04 -1.46516852e-04 -8.64752896e-05]
 [-2.05570715e-04 -1.43236136e-04 -8.67318301e-05]
 [-2.02613271e-04 -1.39427506e-04 -8.64411658e-05]
 [-1.98622924e-04 -1.35105085e-04 -8.56019658e-05]
 [-1.93613652e-04 -1.30284896e-04 -8.42166880e-05]
 [-1.87605413e-04 -1.24984797e-04 -8.22915876e-05]
 [-1.80624065e-04 -1.19224409e-04 -7.98366973e-05]
 [-1.72701262e-04 -1.13025047e-04 -7.68657769e-05]
 [-1.63874289e-04 -1.06409627e-04 -7.33962349e-05]
 [-1.54185878e-04 -9.94025917e-05 -6.94490207e-05]
 [-1.43683973e-04 -9.20298070e-05 -6.50484892e-05]
 [-1.32421460e-04 -8.43184723e-05 -6.02222384e-05]
 [-1.20455868e-04 -7.62970173e-05 -5.50009216e-05]
 [-1.07849030e-04 -6.79949965e-05 -4.94180352e-05]
 [-9.46667210e-05 -5.94429815e-05 -4.35096839e-05]
 [-8.09782578e-05 -5.06724485e-05 -3.73143248e-05]
 [-6.68560847e-05 -4.17156637e-05 -3.08724940e-05]
 [-5.23753289e-05 -3.26055661e-05 -2.42265147e-05]
 [-3.76133399e-05 -2.33756480e-05 -1.74201931e-05]
 [-2.26492126e-05 -1.40598341e-05 -1.04985006e-05]
 [-7.56329763e-06 -4.69235846e-06 -3.50724789e-06]
 [ 7.56329763e-06  4.69235846e-06  3.50724789e-06]
 [ 2.26492126e-05  1.40598341e-05  1.04985006e-05]
 [ 3.76133399e-05  2.33756480e-05  1.74201931e-05]
 [ 5.23753289e-05  3.26055661e-05  2.42265147e-05]
 [ 6.68560847e-05  4.17156637e-05  3.08724940e-05]
 [ 8.09782578e-05  5.06724485e-05  3.73143248e-05]
 [ 9.46667210e-05  5.94429815e-05  4.35096839e-05]
 [ 1.07849030e-04  6.79949965e-05  4.94180352e-05]
 [ 1.20455868e-04  7.62970173e-05  5.50009216e-05]
 [ 1.32421460e-04  8.43184723e-05  6.02222384e-05]
 [ 1.43683973e-04  9.20298070e-05  6.50484892e-05]
 [ 1.54185878e-04  9.94025917e-05  6.94490207e-05]
 [ 1.63874289e-04  1.06409627e-04  7.33962349e-05]
 [ 1.72701262e-04  1.13025047e-04  7.68657769e-05]
 [ 1.80624065e-04  1.19224409e-04  7.98366973e-05]
 [ 1.87605413e-04  1.24984797e-04  8.22915876e-05]
 [ 1.93613652e-04  1.30284896e-04  8.42166880e-05]
 [ 1.98622924e-04  1.35105085e-04  8.56019658e-05]
 [ 2.02613271e-04  1.39427506e-04  8.64411658e-05]
 [ 2.05570715e-04  1.43236136e-04  8.67318301e-05]
 [ 2.07487288e-04  1.46516852e-04  8.64752896e-05]
 [ 2.08361022e-04  1.49257489e-04  8.56766250e-05]
 [ 2.08195903e-04  1.51447890e-04  8.43446000e-05]
 [ 2.07001780e-04  1.53079947e-04  8.24915664e-05]
 [ 2.04794239e-04  1.54147644e-04  8.01333413e-05]
 [ 2.01594440e-04  1.54647082e-04  7.72890589e-05]
 [ 1.97428911e-04  1.54576500e-04  7.39809976e-05]
 [ 1.92329320e-04  1.53936293e-04  7.02343838e-05]
 [ 1.86332206e-04  1.52729015e-04  6.60771751e-05]
 [ 1.79478683e-04  1.50959380e-04  6.15398226e-05]
 [ 1.71814117e-04  1.48634249e-04  5.66550177e-05]
 [ 1.63387781e-04  1.45762616e-04  5.14574227e-05]
 [ 1.54252484e-04  1.42355580e-04  4.59833885e-05]
 [ 1.44464184e-04  1.38426311e-04  4.02706629e-05]
 [ 1.34081590e-04  1.33990009e-04  3.43580898e-05]
 [ 1.23165743e-04  1.29063856e-04  2.82853045e-05]
 [ 1.11779595e-04  1.23666953e-04  2.20924247e-05]
 [ 9.99875812e-05  1.17820260e-04  1.58197424e-05]
 [ 8.78551868e-05  1.11546521e-04  9.50741825e-06]
 [ 7.54485208e-05  1.04870180e-04  3.19517992e-06]
 [ 6.28338886e-05  9.78173006e-05 -3.07797113e-06]
 [ 5.00773744e-05  9.04154644e-05 -9.27404370e-06]
 [ 3.72444348e-05  8.26936739e-05 -1.53563286e-05]
 [ 2.43995038e-05  7.46822433e-05 -2.12896562e-05]
 [ 1.16056163e-05  6.64126856e-05 -2.70406377e-05]
 [-1.07595193e-06  5.79175934e-05 -3.25778883e-05]
 [-1.35860209e-05  4.92305146e-05 -3.78722304e-05]
 [-2.58678215e-05  4.03858234e-05 -4.28968757e-05]
 [-3.78672840e-05  3.14185874e-05 -4.76275843e-05]
 [-4.95333005e-05  2.23644302e-05 -5.20428004e-05]
 [-6.08179581e-05  1.32593917e-05 -5.61237629e-05]
 [-7.16767428e-05  4.13978487e-06 -5.98545911e-05]
 [-8.20687126e-05 -4.95794928e-06 -6.32223444e-05]
 [-9.19566394e-05 -1.39973880e-05 -6.62170559e-05]
 [-1.01307120e-04 -2.29422745e-05 -6.88317403e-05]
 [-1.10090652e-04 -3.17566658e-05 -7.10623761e-05]
 [-1.18281686e-04 -4.04050804e-05 -7.29078625e-05]
 [-1.25858634e-04 -4.88526446e-05 -7.43699517e-05]
 [-1.32803863e-04 -5.70652383e-05 -7.54531575e-05]
 [-1.39103644e-04 -6.50096373e-05 -7.61646422e-05]
 [-1.44748083e-04 -7.26536538e-05 -7.65140813e-05]
 [-1.49731023e-04 -7.99662732e-05 -7.65135092e-05]
 [-1.54049916e-04 -8.69177865e-05 -7.61771466e-05]
 [-1.57705680e-04 -9.34799185e-05 -7.55212121e-05]
 [-1.60702526e-04 -9.96259504e-05 -7.45637189e-05]
 [-1.63047772e-04 -1.05330837e-04 -7.33242600e-05]
 [-1.64751638e-04 -1.10571315e-04 -7.18237827e-05]
 [-1.65827024e-04 -1.15326011e-04 -7.00843559e-05]
 [-1.66289282e-04 -1.19575533e-04 -6.81289313e-05]
 [-1.66155973e-04 -1.23302560e-04 -6.59811016e-05]
 [-1.65446620e-04 -1.26491922e-04 -6.36648578e-05]
 [-1.64182453e-04 -1.29130670e-04 -6.12043480e-05]
 [-1.62386161e-04 -1.31208138e-04 -5.86236391e-05]
 [-1.60081631e-04 -1.32715996e-04 -5.59464857e-05]
 [-1.57293705e-04 -1.33648288e-04 -5.31961058e-05]
 [-1.54047931e-04 -1.34001471e-04 -5.03949671e-05]
 [-1.50370329e-04 -1.33774428e-04 -4.75645855e-05]
 [-1.46287167e-04 -1.32968487e-04 -4.47253372e-05]
 [-1.41824741e-04 -1.31587418e-04 -4.18962863e-05]
 [-1.37009179e-04 -1.29637421e-04 -3.90950294e-05]
 [-1.31866257e-04 -1.27127109e-04 -3.63375591e-05]
 [-1.26421229e-04 -1.24067474e-04 -3.36381462e-05]
 [-1.20698677e-04 -1.20471848e-04 -3.10092431e-05]
 [-1.14722387e-04 -1.16355845e-04 -2.84614079e-05]
 [-1.08515232e-04 -1.11737304e-04 -2.60032510e-05]
 [-1.02099088e-04 -1.06636215e-04 -2.36414027e-05]
 [-9.54947637e-05 -1.01074633e-04 -2.13805047e-05]
 [-8.87219546e-05 -9.50765924e-05 -1.92232215e-05]
 [-8.17992172e-05 -8.86680011e-05 -1.71702761e-05]
 [-7.47439644e-05 -8.18765343e-05 -1.52205049e-05]
 [-6.75724798e-05 -7.47315164e-05 -1.33709345e-05]
 [-6.02999529e-05 -6.72637963e-05 -1.16168771e-05]
 [-5.29405310e-05 -5.95056157e-05 -9.95204556e-06]
 [-4.55073896e-05 -5.14904709e-05 -8.36868459e-06]
 [-3.80128171e-05 -4.32529693e-05 -6.85771812e-06]
 [-3.04683146e-05 -3.48286800e-05 -5.40891081e-06]
 [-2.28847074e-05 -2.62539803e-05 -4.01104180e-06]
 [-1.52722673e-05 -1.75658991e-05 -2.65208896e-06]
 [-7.64084362e-06 -8.80195615e-06 -1.31942166e-06]
 [-5.92849312e-20 -6.83291494e-20 -1.02180529e-20]]
||w_slsqp - w_ls|| = 6040826911.68252
||w_ls|| = 6040826911.727598
Iter 5 | J_loc=7.6080e+02 | J_true=7.6164e+02 | err=3.9029e+01
